CIR_AMQTT_100_1000_ln01_00001_3_10000000000 2 10000.0 10000.0 1.0 1240.9308749596 23070.0 4706060.0 0.0 0.0 23070.0 4706060.0 23070.0 23070.0 27.684 69.21 461.4 4.0
CIR_AMQTT_100_1000_ln01_00001_3_10000000000 1 10000.0 10000.0 1.0 1229.8217047571002 23110.0 4714780.0 0.0 0.0 23110.0 4714780.0 23110.0 23110.0 27.732 69.33 462.2 4.0
CIR_AMQTT_100_1000_ln01_00001_3_10000000000 4 10000.0 10000.0 1.0 1208.4516893661 23120.0 4716960.0 0.0 0.0 23120.0 4716960.0 23120.0 23120.0 27.744 69.36 462.4 4.0
CIR_Tor_100_1000_ln01_00001_3_10000000000 2 10000.0 10000.0 1.0 7784.070623126 40000.0 8080000.0 0.0 0.0 40000.0 8080000.0 40000.0 40000.0 48.0 120.0 800.0 4.0
CIR_Tor_100_1000_ln01_00001_3_10000000000 4 10000.0 10000.0 1.0 7745.7764217526 40000.0 8080000.0 0.0 0.0 40000.0 8080000.0 40000.0 40000.0 48.0 120.0 800.0 4.0
CIR_AMQTT_100_1000_ln01_00001_3_10000000000 3 10000.0 10000.0 1.0 1259.5387451863999 23140.0 4721320.0 0.0 0.0 23140.0 4721320.0 23140.0 23140.0 27.768 69.42 462.8 4.0
CIR_Tor_100_1000_ln01_00001_3_10000000000 3 10000.0 10000.0 1.0 7915.1982707626 40000.0 8080000.0 0.0 0.0 40000.0 8080000.0 40000.0 40000.0 48.0 120.0 800.0 4.0
CIR_Tor_100_1000_ln01_00001_3_10000000000 1 10000.0 10000.0 1.0 7909.853003351301 40000.0 8080000.0 0.0 0.0 40000.0 8080000.0 40000.0 40000.0 48.0 120.0 800.0 4.0
CIR_AMQTT_100_1000_ln01_00001_3_10000000000 5 10000.0 10000.0 1.0 1231.1362646847 22956.0 4681208.0 0.0 0.0 22956.0 4681208.0 22956.0 22956.0 27.5472 68.868 459.12 4.0
CIR_Tor_100_1000_ln01_00001_3_10000000000 5 10000.0 10000.0 1.0 7930.1433730456 40000.0 8080000.0 0.0 0.0 40000.0 8080000.0 40000.0 40000.0 48.0 120.0 800.0 4.0
CIR_AMQTT_100_1000_ln01_00001_3_10000000000 6 10000.0 10000.0 1.0 1307.4787412587 23030.0 4697340.0 0.0 0.0 23030.0 4697340.0 23030.0 23030.0 27.636 69.09 460.6 4.0
CIR_Tor_100_1000_ln01_00001_3_10000000000 7 10000.0 10000.0 1.0 8242.2789796928 40000.0 8080000.0 0.0 0.0 40000.0 8080000.0 40000.0 40000.0 48.0 120.0 800.0 4.0
CIR_AMQTT_100_1000_ln01_00001_3_10000000000 7 10000.0 10000.0 1.0 1343.4294728874 23184.0 4730912.0 0.0 0.0 23184.0 4730912.0 23184.0 23184.0 27.8208 69.552 463.68 4.0
CIR_Tor_100_1000_ln01_00001_3_10000000000 6 10000.0 10000.0 1.0 8084.6613202053 40000.0 8080000.0 0.0 0.0 40000.0 8080000.0 40000.0 40000.0 48.0 120.0 800.0 4.0
CIR_Tor_100_1000_ln01_00001_3_10000000000 8 10000.0 10000.0 1.0 7960.3766340429 40000.0 8080000.0 0.0 0.0 40000.0 8080000.0 40000.0 40000.0 48.0 120.0 800.0 4.0
CIR_AMQTT_100_1000_ln01_00001_3_10000000000 8 10000.0 10000.0 1.0 1465.1596956112 23122.0 4717396.0 0.0 0.0 23122.0 4717396.0 23122.0 23122.0 27.7464 69.366 462.44 4.0
CIR_Tor_100_1000_ln01_00001_3_10000000000 9 10000.0 10000.0 1.0 8068.6442640035 40000.0 8080000.0 0.0 0.0 40000.0 8080000.0 40000.0 40000.0 48.0 120.0 800.0 4.0
CIR_AMQTT_100_1000_ln01_00001_3_10000000000 9 10000.0 10000.0 1.0 1253.2762762019 23114.0 4715652.0 0.0 0.0 23114.0 4715652.0 23114.0 23114.0 27.7368 69.342 462.28 4.0
CIR_AMQTT_100_1000_ln01_00001_3_10000000000 10 10000.0 10000.0 1.0 1193.6462017958 23144.0 4722192.0 0.0 0.0 23144.0 4722192.0 23144.0 23144.0 27.7728 69.432 462.88 4.0
CIR_Tor_100_1000_ln01_00001_3_10000000000 10 10000.0 10000.0 1.0 7691.1027452725 40000.0 8080000.0 0.0 0.0 40000.0 8080000.0 40000.0 40000.0 48.0 120.0 800.0 4.0
CIR_AMQTT_100_1000_ln01_00001_3_10000000000 11 10000.0 10000.0 1.0 1213.5643043034001 23104.0 4713472.0 0.0 0.0 23104.0 4713472.0 23104.0 23104.0 27.7248 69.312 462.08 4.0
CIR_AMQTT_100_1000_ln01_00001_3_10000000000 12 10000.0 10000.0 1.0 1416.3632520977 23234.0 4741812.0 0.0 0.0 23234.0 4741812.0 23234.0 23234.0 27.8808 69.702 464.68 4.0
CIR_Tor_100_1000_ln01_00001_3_10000000000 11 10000.0 10000.0 1.0 7652.181756567999 40000.0 8080000.0 0.0 0.0 40000.0 8080000.0 40000.0 40000.0 48.0 120.0 800.0 4.0
CIR_Tor_100_1000_ln01_00001_3_10000000000 12 10000.0 10000.0 1.0 8404.5471589391 40000.0 8080000.0 0.0 0.0 40000.0 8080000.0 40000.0 40000.0 48.0 120.0 800.0 4.0
CIR_AMQTT_100_1000_ln01_00001_3_10000000000 13 10000.0 10000.0 1.0 1298.4192918956 23072.0 4706496.0 0.0 0.0 23072.0 4706496.0 23072.0 23072.0 27.6864 69.216 461.44 4.0
CIR_Tor_100_1000_ln01_00001_3_10000000000 14 10000.0 10000.0 1.0 8000.4723166246995 40000.0 8080000.0 0.0 0.0 40000.0 8080000.0 40000.0 40000.0 48.0 120.0 800.0 4.0
CIR_Tor_100_1000_ln01_00001_3_10000000000 13 10000.0 10000.0 1.0 8107.6859490774 40000.0 8080000.0 0.0 0.0 40000.0 8080000.0 40000.0 40000.0 48.0 120.0 800.0 4.0
CIR_AMQTT_100_1000_ln01_00001_3_10000000000 14 10000.0 10000.0 1.0 1245.1516211068001 23176.0 4729168.0 0.0 0.0 23176.0 4729168.0 23176.0 23176.0 27.8112 69.528 463.52 4.0
CIR_AMQTT_100_1000_ln01_00001_3_10000000000 15 10000.0 10000.0 1.0 1240.5291157123002 23032.0 4697776.0 0.0 0.0 23032.0 4697776.0 23032.0 23032.0 27.6384 69.096 460.64 4.0
CIR_Tor_100_1000_ln01_00001_3_10000000000 15 10000.0 10000.0 1.0 7907.9252265472005 40000.0 8080000.0 0.0 0.0 40000.0 8080000.0 40000.0 40000.0 48.0 120.0 800.0 4.0
CIR_Tor_100_1000_ln01_00001_3_10000000000 16 10000.0 10000.0 1.0 8074.424515633001 40000.0 8080000.0 0.0 0.0 40000.0 8080000.0 40000.0 40000.0 48.0 120.0 800.0 4.0
CIR_AMQTT_100_1000_ln01_00001_3_10000000000 16 10000.0 10000.0 1.0 1289.2724472198 23064.0 4704752.0 0.0 0.0 23064.0 4704752.0 23064.0 23064.0 27.6768 69.192 461.28 4.0
CIR_AMQTT_100_1000_ln01_00001_3_10000000000 18 10000.0 10000.0 1.0 1221.7622422586999 23144.0 4722192.0 0.0 0.0 23144.0 4722192.0 23144.0 23144.0 27.7728 69.432 462.88 4.0
CIR_AMQTT_100_1000_ln01_00001_3_10000000000 17 10000.0 10000.0 1.0 1286.3635695089 23160.0 4725680.0 0.0 0.0 23160.0 4725680.0 23160.0 23160.0 27.792 69.48 463.2 4.0
CIR_Tor_100_1000_ln01_00001_3_10000000000 17 10000.0 10000.0 1.0 7986.8891273695 40000.0 8080000.0 0.0 0.0 40000.0 8080000.0 40000.0 40000.0 48.0 120.0 800.0 4.0
CIR_Tor_100_1000_ln01_00001_3_10000000000 18 10000.0 10000.0 1.0 7662.9800289703 40000.0 8080000.0 0.0 0.0 40000.0 8080000.0 40000.0 40000.0 48.0 120.0 800.0 4.0
CIR_AMQTT_100_1000_ln01_00001_3_10000000000 19 10000.0 10000.0 1.0 1182.5633604175 23094.0 4711292.0 0.0 0.0 23094.0 4711292.0 23094.0 23094.0 27.7128 69.282 461.88 4.0
CIR_Tor_100_1000_ln01_00001_3_10000000000 19 10000.0 10000.0 1.0 7747.7641413213 40000.0 8080000.0 0.0 0.0 40000.0 8080000.0 40000.0 40000.0 48.0 120.0 800.0 4.0
CIR_Tor_100_1000_ln01_00001_3_10000000000 20 10000.0 10000.0 1.0 8085.242861805899 40000.0 8080000.0 0.0 0.0 40000.0 8080000.0 40000.0 40000.0 48.0 120.0 800.0 4.0
CIR_AMQTT_100_1000_ln01_00001_3_10000000000 20 10000.0 10000.0 1.0 1304.4445130599001 23132.0 4719576.0 0.0 0.0 23132.0 4719576.0 23132.0 23132.0 27.7584 69.396 462.64 4.0
CIR_AMQTT_100_1000_ln01_00001_3_10000000000 22 10000.0 10000.0 1.0 1249.1747077159 23068.0 4705624.0 0.0 0.0 23068.0 4705624.0 23068.0 23068.0 27.6816 69.204 461.36 4.0
CIR_AMQTT_100_1000_ln01_00001_3_10000000000 21 10000.0 10000.0 1.0 1180.8913222168 23082.0 4708676.0 0.0 0.0 23082.0 4708676.0 23082.0 23082.0 27.6984 69.246 461.64 4.0
CIR_Tor_100_1000_ln01_00001_3_10000000000 21 10000.0 10000.0 1.0 7569.231427481 40000.0 8080000.0 0.0 0.0 40000.0 8080000.0 40000.0 40000.0 48.0 120.0 800.0 4.0
CIR_Tor_100_1000_ln01_00001_3_10000000000 22 10000.0 10000.0 1.0 7971.966584696101 40000.0 8080000.0 0.0 0.0 40000.0 8080000.0 40000.0 40000.0 48.0 120.0 800.0 4.0
CIR_AMQTT_100_1000_ln01_00001_3_10000000000 23 10000.0 10000.0 1.0 1331.9361872509 23102.0 4713036.0 0.0 0.0 23102.0 4713036.0 23102.0 23102.0 27.7224 69.306 462.04 4.0
CIR_Tor_100_1000_ln01_00001_3_10000000000 23 10000.0 10000.0 1.0 8332.1431274611 40000.0 8080000.0 0.0 0.0 40000.0 8080000.0 40000.0 40000.0 48.0 120.0 800.0 4.0
CIR_AMQTT_100_1000_ln01_00001_3_10000000000 24 10000.0 10000.0 1.0 1335.9514208101 23108.0 4714344.0 0.0 0.0 23108.0 4714344.0 23108.0 23108.0 27.7296 69.324 462.16 4.0
CIR_Tor_100_1000_ln01_00001_3_10000000000 24 10000.0 10000.0 1.0 8053.0777975575 40000.0 8080000.0 0.0 0.0 40000.0 8080000.0 40000.0 40000.0 48.0 120.0 800.0 4.0
CIR_Tor_100_1000_ln01_00001_3_10000000000 25 10000.0 10000.0 1.0 7814.6365062954 40000.0 8080000.0 0.0 0.0 40000.0 8080000.0 40000.0 40000.0 48.0 120.0 800.0 4.0
CIR_AMQTT_100_1000_ln01_00001_3_10000000000 25 10000.0 10000.0 1.0 1263.6095920299 23112.0 4715216.0 0.0 0.0 23112.0 4715216.0 23112.0 23112.0 27.7344 69.336 462.24 4.0
CIR_Tor_100_1000_ln01_00001_3_10000000000 26 10000.0 10000.0 1.0 8023.1279000836 40000.0 8080000.0 0.0 0.0 40000.0 8080000.0 40000.0 40000.0 48.0 120.0 800.0 4.0
CIR_AMQTT_100_1000_ln01_00001_3_10000000000 26 10000.0 10000.0 1.0 1322.4830143747001 23072.0 4706496.0 0.0 0.0 23072.0 4706496.0 23072.0 23072.0 27.6864 69.216 461.44 4.0
CIR_Tor_100_1000_ln01_00001_3_10000000000 27 10000.0 10000.0 1.0 7966.330154712599 40000.0 8080000.0 0.0 0.0 40000.0 8080000.0 40000.0 40000.0 48.0 120.0 800.0 4.0
CIR_AMQTT_100_1000_ln01_00001_3_10000000000 27 10000.0 10000.0 1.0 1346.1610920288 23194.0 4733092.0 0.0 0.0 23194.0 4733092.0 23194.0 23194.0 27.8328 69.582 463.88 4.0
CIR_Tor_100_1000_ln01_00001_3_10000000000 28 10000.0 10000.0 1.0 8158.072218548999 40000.0 8080000.0 0.0 0.0 40000.0 8080000.0 40000.0 40000.0 48.0 120.0 800.0 4.0
CIR_AMQTT_100_1000_ln01_00001_3_10000000000 28 10000.0 10000.0 1.0 1271.1155882500998 23092.0 4710856.0 0.0 0.0 23092.0 4710856.0 23092.0 23092.0 27.7104 69.276 461.84 4.0
CIR_AMQTT_100_1000_ln01_00001_3_10000000000 29 10000.0 10000.0 1.0 1332.4483265887 23158.0 4725244.0 0.0 0.0 23158.0 4725244.0 23158.0 23158.0 27.7896 69.474 463.16 4.0
CIR_Tor_100_1000_ln01_00001_3_10000000000 29 10000.0 10000.0 1.0 8020.137830508001 40000.0 8080000.0 0.0 0.0 40000.0 8080000.0 40000.0 40000.0 48.0 120.0 800.0 4.0
CIR_Tor_100_1000_ln01_00001_3_10000000000 30 10000.0 10000.0 1.0 7863.8399247491 40000.0 8080000.0 0.0 0.0 40000.0 8080000.0 40000.0 40000.0 48.0 120.0 800.0 4.0
CIR_AMQTT_100_1000_ln01_00001_3_10000000000 30 10000.0 10000.0 1.0 1236.1065070395 23016.0 4694288.0 0.0 0.0 23016.0 4694288.0 23016.0 23016.0 27.6192 69.048 460.32 4.0
CIR_JumpMqtt_pf05_100_1000_ln01_00001_3_10000000000 3 10000.0 10000.0 1.0 2121.5350712425998 29261.0 5651186.0 0.0 0.0 29261.0 5651186.0 29261.0 29261.0 35.1132 87.783 585.22 6.9093
CIR_JumpMqtt_pf05_100_1000_ln01_00001_3_10000000000 4 10000.0 10000.0 1.0 2025.9675137535999 29430.0 5682300.0 0.0 0.0 29430.0 5682300.0 29430.0 29430.0 35.316 88.29 588.6 6.9607
CIR_JumpMqtt_pf05_100_1000_ln01_00001_3_10000000000 1 10000.0 10000.0 1.0 2243.6691233646998 29487.0 5692742.0 0.0 0.0 29487.0 5692742.0 29487.0 29487.0 35.3844 88.461 589.74 6.9565
CIR_JumpMqtt_pf05_100_1000_ln01_00001_3_10000000000 2 10000.0 10000.0 1.0 2102.6198952512 29448.0 5684848.0 0.0 0.0 29448.0 5684848.0 29448.0 29448.0 35.3376 88.344 588.96 6.9638
CIR_JumpRouting_pf05_100_1000_ln01_00001_3_10000000000 1 10000.0 10000.0 1.0 10500.3411321756 49449.0 9517514.0 0.0 0.0 49449.0 9517514.0 49449.0 49449.0 59.3388 148.347 988.98 4.9449
CIR_JumpRouting_pf05_100_1000_ln01_00001_3_10000000000 3 10000.0 10000.0 1.0 10503.0378433477 49521.0 9530906.0 0.0 0.0 49521.0 9530906.0 49521.0 49521.0 59.4252 148.563 990.42 4.9521
CIR_JumpRouting_pf05_100_1000_ln01_00001_3_10000000000 4 10000.0 10000.0 1.0 10330.6461073626 49730.0 9569780.0 0.0 0.0 49730.0 9569780.0 49730.0 49730.0 59.676 149.19 994.6 4.973
CIR_JumpRouting_pf05_100_1000_ln01_00001_3_10000000000 2 10000.0 10000.0 1.0 10432.494775049 49559.0 9537974.0 0.0 0.0 49559.0 9537974.0 49559.0 49559.0 59.4708 148.677 991.18 4.9559
CIR_JumpMqtt_pf05_100_1000_ln01_00001_3_10000000000 5 10000.0 10000.0 1.0 2080.5779180605 29284.0 5652520.0 0.0 0.0 29284.0 5652520.0 29284.0 29284.0 35.1408 87.852 585.68 6.9614
CIR_JumpMqtt_pf05_100_1000_ln01_00001_3_10000000000 6 10000.0 10000.0 1.0 2265.3329106153 29430.0 5680860.0 0.0 0.0 29430.0 5680860.0 29430.0 29430.0 35.316 88.29 588.6 6.957
CIR_JumpRouting_pf05_100_1000_ln01_00001_3_10000000000 5 10000.0 10000.0 1.0 10528.2795899183 49707.0 9565502.0 0.0 0.0 49707.0 9565502.0 49707.0 49707.0 59.6484 149.121 994.14 4.9707
CIR_JumpMqtt_pf05_100_1000_ln01_00001_3_10000000000 7 10000.0 10000.0 1.0 2352.1893972652 29501.0 5696530.0 0.0 0.0 29501.0 5696530.0 29501.0 29501.0 35.4012 88.503 590.02 6.9546
CIR_JumpMqtt_pf05_100_1000_ln01_00001_3_10000000000 8 10000.0 10000.0 1.0 2323.9308494025004 29573.0 5708930.0 0.0 0.0 29573.0 5708930.0 29573.0 29573.0 35.4876 88.719 591.46 6.9606
CIR_JumpRouting_pf05_100_1000_ln01_00001_3_10000000000 6 10000.0 10000.0 1.0 10817.5771024135 49631.0 9551366.0 0.0 0.0 49631.0 9551366.0 49631.0 49631.0 59.5572 148.893 992.62 4.9631
CIR_JumpRouting_pf05_100_1000_ln01_00001_3_10000000000 7 10000.0 10000.0 1.0 10775.4290647019 49503.0 9527558.0 0.0 0.0 49503.0 9527558.0 49503.0 49503.0 59.4036 148.509 990.06 4.9503
CIR_JumpRouting_pf05_100_1000_ln01_00001_3_10000000000 8 10000.0 10000.0 1.0 10281.1795331656 49565.0 9539090.0 0.0 0.0 49565.0 9539090.0 49565.0 49565.0 59.478 148.695 991.3 4.9565
CIR_JumpMqtt_pf05_100_1000_ln01_00001_3_10000000000 9 10000.0 10000.0 1.0 2264.6578779152 29384.0 5673648.0 0.0 0.0 29384.0 5673648.0 29384.0 29384.0 35.2608 88.152 587.68 6.9522
CIR_JumpMqtt_pf05_100_1000_ln01_00001_3_10000000000 10 10000.0 10000.0 1.0 2024.8128145276 29541.0 5703330.0 0.0 0.0 29541.0 5703330.0 29541.0 29541.0 35.4492 88.623 590.82 6.9694
CIR_JumpRouting_pf05_100_1000_ln01_00001_3_10000000000 9 10000.0 10000.0 1.0 10708.1208691251 49688.0 9561968.0 0.0 0.0 49688.0 9561968.0 49688.0 49688.0 59.6256 149.064 993.76 4.9688
CIR_JumpRouting_pf05_100_1000_ln01_00001_3_10000000000 10 10000.0 10000.0 1.0 10267.8462659837 49792.0 9581312.0 0.0 0.0 49792.0 9581312.0 49792.0 49792.0 59.7504 149.376 995.84 4.9792
CIR_JumpMqtt_pf05_100_1000_ln01_00001_3_10000000000 11 10000.0 10000.0 1.0 1922.1967150463 29210.0 5641124.0 0.0 0.0 29210.0 5641124.0 29210.0 29210.0 35.052 87.63 584.2 6.9264
CIR_JumpRouting_pf05_100_1000_ln01_00001_3_10000000000 11 10000.0 10000.0 1.0 10222.516053514299 49945.0 9609770.0 0.0 0.0 49945.0 9609770.0 49945.0 49945.0 59.934 149.835 998.9 4.9945
CIR_JumpMqtt_pf05_100_1000_ln01_00001_3_10000000000 12 10000.0 10000.0 1.0 2551.8470809524 29472.0 5691936.0 0.0 0.0 29472.0 5691936.0 29472.0 29472.0 35.3664 88.416 589.44 6.9499
CIR_JumpRouting_pf05_100_1000_ln01_00001_3_10000000000 12 10000.0 10000.0 1.0 10969.3287868139 49517.0 9530162.0 0.0 0.0 49517.0 9530162.0 49517.0 49517.0 59.4204 148.551 990.34 4.9517
CIR_JumpMqtt_pf05_100_1000_ln01_00001_3_10000000000 13 10000.0 10000.0 1.0 2290.9748049524997 29342.0 5665164.0 0.0 0.0 29342.0 5665164.0 29342.0 29342.0 35.2104 88.026 586.84 6.9482
CIR_JumpRouting_pf05_100_1000_ln01_00001_3_10000000000 13 10000.0 10000.0 1.0 10715.1119886931 49565.0 9539090.0 0.0 0.0 49565.0 9539090.0 49565.0 49565.0 59.478 148.695 991.3 4.9565
CIR_JumpRouting_pf05_100_1000_ln01_00001_3_10000000000 14 10000.0 10000.0 1.0 10526.3813240679 49656.0 9556016.0 0.0 0.0 49656.0 9556016.0 49656.0 49656.0 59.5872 148.968 993.12 4.9656
CIR_JumpMqtt_pf05_100_1000_ln01_00001_3_10000000000 14 10000.0 10000.0 1.0 2186.8975991336997 29696.0 5732672.0 0.0 0.0 29696.0 5732672.0 29696.0 29696.0 35.6352 89.088 593.92 6.9959
CIR_JumpMqtt_pf05_100_1000_ln01_00001_3_10000000000 16 10000.0 10000.0 1.0 2336.5238030507003 29439.0 5683078.0 0.0 0.0 29439.0 5683078.0 29439.0 29439.0 35.3268 88.317 588.78 6.956
CIR_JumpRouting_pf05_100_1000_ln01_00001_3_10000000000 15 10000.0 10000.0 1.0 10486.8545229403 49530.0 9532580.0 0.0 0.0 49530.0 9532580.0 49530.0 49530.0 59.436 148.59 990.6 4.953
CIR_JumpMqtt_pf05_100_1000_ln01_00001_3_10000000000 15 10000.0 10000.0 1.0 2047.9063768654 29280.0 5652992.0 0.0 0.0 29280.0 5652992.0 29280.0 29280.0 35.136 87.84 585.6 6.9476
CIR_JumpRouting_pf05_100_1000_ln01_00001_3_10000000000 16 10000.0 10000.0 1.0 10765.3310987696 49784.0 9579824.0 0.0 0.0 49784.0 9579824.0 49784.0 49784.0 59.7408 149.352 995.68 4.9784
CIR_JumpRouting_pf05_100_1000_ln01_00001_3_10000000000 17 10000.0 10000.0 1.0 10638.870297427999 49593.0 9544298.0 0.0 0.0 49593.0 9544298.0 49593.0 49593.0 59.5116 148.779 991.86 4.9593
CIR_JumpMqtt_pf05_100_1000_ln01_00001_3_10000000000 17 10000.0 10000.0 1.0 2237.5584428144 29472.0 5690752.0 0.0 0.0 29472.0 5690752.0 29472.0 29472.0 35.3664 88.416 589.44 6.9534
CIR_JumpMqtt_pf05_100_1000_ln01_00001_3_10000000000 18 10000.0 10000.0 1.0 1971.2107665322999 29373.0 5672082.0 0.0 0.0 29373.0 5672082.0 29373.0 29373.0 35.2476 88.119 587.46 6.9444
CIR_JumpMqtt_pf05_100_1000_ln01_00001_3_10000000000 19 10000.0 10000.0 1.0 1964.7705205601999 29229.0 5644498.0 0.0 0.0 29229.0 5644498.0 29229.0 29229.0 35.0748 87.687 584.58 6.9393
CIR_JumpRouting_pf05_100_1000_ln01_00001_3_10000000000 18 10000.0 10000.0 1.0 10211.959594710599 49525.0 9531650.0 0.0 0.0 49525.0 9531650.0 49525.0 49525.0 59.43 148.575 990.5 4.9525
CIR_JumpRouting_pf05_100_1000_ln01_00001_3_10000000000 19 10000.0 10000.0 1.0 10396.3028188252 49569.0 9539834.0 0.0 0.0 49569.0 9539834.0 49569.0 49569.0 59.4828 148.707 991.38 4.9569
CIR_JumpRouting_pf05_100_1000_ln01_00001_3_10000000000 20 10000.0 10000.0 1.0 10586.827320306102 49591.0 9543926.0 0.0 0.0 49591.0 9543926.0 49591.0 49591.0 59.5092 148.773 991.82 4.9591
CIR_JumpMqtt_pf05_100_1000_ln01_00001_3_10000000000 20 10000.0 10000.0 1.0 2273.5570423233 29316.0 5661288.0 0.0 0.0 29316.0 5661288.0 29316.0 29316.0 35.1792 87.948 586.32 6.9347
CIR_JumpRouting_pf05_100_1000_ln01_00001_3_10000000000 21 10000.0 10000.0 1.0 10220.4207319861 49679.0 9560294.0 0.0 0.0 49679.0 9560294.0 49679.0 49679.0 59.6148 149.037 993.58 4.9679
CIR_JumpMqtt_pf05_100_1000_ln01_00001_3_10000000000 21 10000.0 10000.0 1.0 1869.5264854755 29114.0 5622916.0 0.0 0.0 29114.0 5622916.0 29114.0 29114.0 34.9368 87.342 582.28 6.9206
CIR_JumpMqtt_pf05_100_1000_ln01_00001_3_10000000000 22 10000.0 10000.0 1.0 2201.6228321299 29351.0 5666774.0 0.0 0.0 29351.0 5666774.0 29351.0 29351.0 35.2212 88.053 587.02 6.953
CIR_JumpRouting_pf05_100_1000_ln01_00001_3_10000000000 22 10000.0 10000.0 1.0 10585.2609597058 49447.0 9517142.0 0.0 0.0 49447.0 9517142.0 49447.0 49447.0 59.3364 148.341 988.94 4.9447
CIR_JumpMqtt_pf05_100_1000_ln01_00001_3_10000000000 23 10000.0 10000.0 1.0 2412.5507630932 29392.0 5674944.0 0.0 0.0 29392.0 5674944.0 29392.0 29392.0 35.2704 88.176 587.84 6.9525
CIR_JumpRouting_pf05_100_1000_ln01_00001_3_10000000000 23 10000.0 10000.0 1.0 10804.8756364767 49593.0 9544298.0 0.0 0.0 49593.0 9544298.0 49593.0 49593.0 59.5116 148.779 991.86 4.9593
CIR_JumpMqtt_pf05_100_1000_ln01_00001_3_10000000000 24 10000.0 10000.0 1.0 2341.9201859548 29392.0 5675040.0 0.0 0.0 29392.0 5675040.0 29392.0 29392.0 35.2704 88.176 587.84 6.96
CIR_JumpRouting_pf05_100_1000_ln01_00001_3_10000000000 24 10000.0 10000.0 1.0 10646.8881659574 49529.0 9532394.0 0.0 0.0 49529.0 9532394.0 49529.0 49529.0 59.4348 148.587 990.58 4.9529
CIR_JumpRouting_pf05_100_1000_ln01_00001_3_10000000000 25 10000.0 10000.0 1.0 10437.7888266663 49656.0 9556016.0 0.0 0.0 49656.0 9556016.0 49656.0 49656.0 59.5872 148.968 993.12 4.9656
CIR_JumpMqtt_pf05_100_1000_ln01_00001_3_10000000000 25 10000.0 10000.0 1.0 2072.1398286626 29381.0 5673058.0 0.0 0.0 29381.0 5673058.0 29381.0 29381.0 35.2572 88.143 587.62 6.964
CIR_JumpMqtt_pf05_100_1000_ln01_00001_3_10000000000 26 10000.0 10000.0 1.0 2142.3251091099 28984.0 5598576.0 0.0 0.0 28984.0 5598576.0 28984.0 28984.0 34.7808 86.952 579.68 6.9013
CIR_JumpRouting_pf05_100_1000_ln01_00001_3_10000000000 26 10000.0 10000.0 1.0 10549.397978613399 49593.0 9544298.0 0.0 0.0 49593.0 9544298.0 49593.0 49593.0 59.5116 148.779 991.86 4.9593
CIR_JumpMqtt_pf05_100_1000_ln01_00001_3_10000000000 27 10000.0 10000.0 1.0 2324.6309059447 29492.0 5695016.0 0.0 0.0 29492.0 5695016.0 29492.0 29492.0 35.3904 88.476 589.84 6.9479
CIR_JumpRouting_pf05_100_1000_ln01_00001_3_10000000000 27 10000.0 10000.0 1.0 10700.133735678899 49627.0 9550622.0 0.0 0.0 49627.0 9550622.0 49627.0 49627.0 59.5524 148.881 992.54 4.9627
CIR_JumpMqtt_pf05_100_1000_ln01_00001_3_10000000000 28 10000.0 10000.0 1.0 2258.5828587118 29138.0 5627540.0 0.0 0.0 29138.0 5627540.0 29138.0 29138.0 34.9656 87.414 582.76 6.9083
CIR_JumpRouting_pf05_100_1000_ln01_00001_3_10000000000 28 10000.0 10000.0 1.0 10895.2353508399 49532.0 9532952.0 0.0 0.0 49532.0 9532952.0 49532.0 49532.0 59.4384 148.596 990.64 4.9532
CIR_JumpRouting_pf05_100_1000_ln01_00001_3_10000000000 29 10000.0 10000.0 1.0 10472.011588528601 49525.0 9531650.0 0.0 0.0 49525.0 9531650.0 49525.0 49525.0 59.43 148.575 990.5 4.9525
CIR_JumpMqtt_pf05_100_1000_ln01_00001_3_10000000000 29 10000.0 10000.0 1.0 2216.4930521547 29432.0 5683280.0 0.0 0.0 29432.0 5683280.0 29432.0 29432.0 35.3184 88.296 588.64 6.944
CIR_JumpRouting_pf05_100_1000_ln01_00001_3_10000000000 30 10000.0 10000.0 1.0 10354.8028586259 49558.0 9537788.0 0.0 0.0 49558.0 9537788.0 49558.0 49558.0 59.4696 148.674 991.16 4.9558
CIR_JumpMqtt_pf05_100_1000_ln01_00001_3_10000000000 30 10000.0 10000.0 1.0 2011.0624811666 29171.0 5632462.0 0.0 0.0 29171.0 5632462.0 29171.0 29171.0 35.0052 87.513 583.42 6.9505
CIR_JumpMqtt_pf06_100_1000_ln01_00001_3_10000000000 1 10000.0 10000.0 1.0 2880.3113630246 32609.0 6273434.0 0.0 0.0 32609.0 6273434.0 32609.0 32609.0 39.1308 97.827 652.18 7.4503
CIR_JumpMqtt_pf06_100_1000_ln01_00001_3_10000000000 2 10000.0 10000.0 1.0 2649.0390118805 32225.0 6201370.0 0.0 0.0 32225.0 6201370.0 32225.0 32225.0 38.67 96.675 644.5 7.4
CIR_JumpMqtt_pf06_100_1000_ln01_00001_3_10000000000 3 10000.0 10000.0 1.0 2789.5955262576 32667.0 6284702.0 0.0 0.0 32667.0 6284702.0 32667.0 32667.0 39.2004 98.001 653.34 7.425
CIR_JumpMqtt_pf06_100_1000_ln01_00001_3_10000000000 4 10000.0 10000.0 1.0 2597.5006021218 32370.0 6229140.0 0.0 0.0 32370.0 6229140.0 32370.0 32370.0 38.844 97.11 647.4 7.4042
CIR_JumpRouting_pf06_100_1000_ln01_00001_3_10000000000 2 10000.0 10000.0 1.0 11654.7416781743 54160.0 1.039376E7 0.0 0.0 54160.0 1.039376E7 54160.0 54160.0 64.992 162.48 1083.2 5.416
CIR_JumpRouting_pf06_100_1000_ln01_00001_3_10000000000 4 10000.0 10000.0 1.0 11483.8832070526 54261.0 1.0412546E7 0.0 0.0 54261.0 1.0412546E7 54261.0 54261.0 65.1132 162.783 1085.22 5.4261
CIR_JumpRouting_pf06_100_1000_ln01_00001_3_10000000000 1 10000.0 10000.0 1.0 11843.3389897303 54457.0 1.0449002E7 0.0 0.0 54457.0 1.0449002E7 54457.0 54457.0 65.3484 163.371 1089.14 5.4457
CIR_JumpRouting_pf06_100_1000_ln01_00001_3_10000000000 3 10000.0 10000.0 1.0 11733.2145610603 54565.0 1.046909E7 0.0 0.0 54565.0 1.046909E7 54565.0 54565.0 65.478 163.695 1091.3 5.4565
CIR_JumpMqtt_pf06_100_1000_ln01_00001_3_10000000000 5 10000.0 10000.0 1.0 2711.7883192288 32421.0 6236002.0 0.0 0.0 32421.0 6236002.0 32421.0 32421.0 38.9052 97.263 648.42 7.443
CIR_JumpMqtt_pf06_100_1000_ln01_00001_3_10000000000 7 10000.0 10000.0 1.0 3027.4322025259 32559.0 6265318.0 0.0 0.0 32559.0 6265318.0 32559.0 32559.0 39.0708 97.677 651.18 7.4122
CIR_JumpMqtt_pf06_100_1000_ln01_00001_3_10000000000 6 10000.0 10000.0 1.0 2921.5002184887 32265.0 6208170.0 0.0 0.0 32265.0 6208170.0 32265.0 32265.0 38.718 96.795 645.3 7.4342
CIR_JumpRouting_pf06_100_1000_ln01_00001_3_10000000000 5 10000.0 10000.0 1.0 11844.897317870898 54434.0 1.0444724E7 0.0 0.0 54434.0 1.0444724E7 54434.0 54434.0 65.3208 163.302 1088.68 5.4434
CIR_JumpMqtt_pf06_100_1000_ln01_00001_3_10000000000 8 10000.0 10000.0 1.0 2838.374916199 32568.0 6266000.0 0.0 0.0 32568.0 6266000.0 32568.0 32568.0 39.0816 97.704 651.36 7.4383
CIR_JumpRouting_pf06_100_1000_ln01_00001_3_10000000000 6 10000.0 10000.0 1.0 11924.428180547 54358.0 1.0430588E7 0.0 0.0 54358.0 1.0430588E7 54358.0 54358.0 65.2296 163.074 1087.16 5.4358
CIR_JumpRouting_pf06_100_1000_ln01_00001_3_10000000000 7 10000.0 10000.0 1.0 12085.808645139201 54454.0 1.0448444E7 0.0 0.0 54454.0 1.0448444E7 54454.0 54454.0 65.3448 163.362 1089.08 5.4454
CIR_JumpRouting_pf06_100_1000_ln01_00001_3_10000000000 8 10000.0 10000.0 1.0 11635.778816612199 54641.0 1.0483226E7 0.0 0.0 54641.0 1.0483226E7 54641.0 54641.0 65.5692 163.923 1092.82 5.4641
CIR_JumpMqtt_pf06_100_1000_ln01_00001_3_10000000000 9 10000.0 10000.0 1.0 2860.6884257428 32359.0 6226998.0 0.0 0.0 32359.0 6226998.0 32359.0 32359.0 38.8308 97.077 647.18 7.4096
CIR_JumpMqtt_pf06_100_1000_ln01_00001_3_10000000000 10 10000.0 10000.0 1.0 2633.677838786 32642.0 6280116.0 0.0 0.0 32642.0 6280116.0 32642.0 32642.0 39.1704 97.926 652.84 7.4346
CIR_JumpMqtt_pf06_100_1000_ln01_00001_3_10000000000 11 10000.0 10000.0 1.0 2458.1150606805 32216.0 6200240.0 0.0 0.0 32216.0 6200240.0 32216.0 32216.0 38.6592 96.648 644.32 7.3758
CIR_JumpRouting_pf06_100_1000_ln01_00001_3_10000000000 9 10000.0 10000.0 1.0 11886.1700508155 54420.0 1.044212E7 0.0 0.0 54420.0 1.044212E7 54420.0 54420.0 65.304 163.26 1088.4 5.442
CIR_JumpRouting_pf06_100_1000_ln01_00001_3_10000000000 10 10000.0 10000.0 1.0 11464.313916068399 54292.0 1.0418312E7 0.0 0.0 54292.0 1.0418312E7 54292.0 54292.0 65.1504 162.876 1085.84 5.4292
CIR_JumpMqtt_pf06_100_1000_ln01_00001_3_10000000000 12 10000.0 10000.0 1.0 3253.7161909017 32635.0 6280254.0 0.0 0.0 32635.0 6280254.0 32635.0 32635.0 39.162 97.905 652.7 7.4316
CIR_JumpRouting_pf06_100_1000_ln01_00001_3_10000000000 12 10000.0 10000.0 1.0 12265.974309348801 54222.0 1.0405292E7 0.0 0.0 54222.0 1.0405292E7 54222.0 54222.0 65.0664 162.666 1084.44 5.4222
CIR_JumpRouting_pf06_100_1000_ln01_00001_3_10000000000 11 10000.0 10000.0 1.0 11496.0799317334 54876.0 1.0526936E7 0.0 0.0 54876.0 1.0526936E7 54876.0 54876.0 65.8512 164.628 1097.52 5.4876
CIR_JumpMqtt_pf06_100_1000_ln01_00001_3_10000000000 13 10000.0 10000.0 1.0 2968.2425075857 32460.0 6245112.0 0.0 0.0 32460.0 6245112.0 32460.0 32460.0 38.952 97.38 649.2 7.4329
CIR_JumpRouting_pf06_100_1000_ln01_00001_3_10000000000 13 10000.0 10000.0 1.0 11895.6072421591 54147.0 1.0391342E7 0.0 0.0 54147.0 1.0391342E7 54147.0 54147.0 64.9764 162.441 1082.94 5.4147
CIR_JumpMqtt_pf06_100_1000_ln01_00001_3_10000000000 14 10000.0 10000.0 1.0 2725.5546163022 32479.0 6250310.0 0.0 0.0 32479.0 6250310.0 32479.0 32479.0 38.9748 97.437 649.58 7.4137
CIR_JumpMqtt_pf06_100_1000_ln01_00001_3_10000000000 15 10000.0 10000.0 1.0 2637.8545668153 32073.0 6172490.0 0.0 0.0 32073.0 6172490.0 32073.0 32073.0 38.4876 96.219 641.46 7.3959
CIR_JumpMqtt_pf06_100_1000_ln01_00001_3_10000000000 16 10000.0 10000.0 1.0 2957.4215932089 32298.0 6214852.0 0.0 0.0 32298.0 6214852.0 32298.0 32298.0 38.7576 96.894 645.96 7.4007
CIR_JumpRouting_pf06_100_1000_ln01_00001_3_10000000000 15 10000.0 10000.0 1.0 11825.455508630199 54718.0 1.0497548E7 0.0 0.0 54718.0 1.0497548E7 54718.0 54718.0 65.6616 164.154 1094.36 5.4718
CIR_JumpRouting_pf06_100_1000_ln01_00001_3_10000000000 14 10000.0 10000.0 1.0 11735.3814629597 54478.0 1.0452908E7 0.0 0.0 54478.0 1.0452908E7 54478.0 54478.0 65.3736 163.434 1089.56 5.4478
CIR_JumpRouting_pf06_100_1000_ln01_00001_3_10000000000 16 10000.0 10000.0 1.0 11871.9473354019 54247.0 1.0409942E7 0.0 0.0 54247.0 1.0409942E7 54247.0 54247.0 65.0964 162.741 1084.94 5.4247
CIR_JumpRouting_pf06_100_1000_ln01_00001_3_10000000000 17 10000.0 10000.0 1.0 11926.405039438601 54707.0 1.0495502E7 0.0 0.0 54707.0 1.0495502E7 54707.0 54707.0 65.6484 164.121 1094.14 5.4707
CIR_JumpMqtt_pf06_100_1000_ln01_00001_3_10000000000 17 10000.0 10000.0 1.0 2914.5277914292997 32601.0 6272746.0 0.0 0.0 32601.0 6272746.0 32601.0 32601.0 39.1212 97.803 652.02 7.4391
CIR_JumpMqtt_pf06_100_1000_ln01_00001_3_10000000000 18 10000.0 10000.0 1.0 2588.9523837841 32607.0 6273606.0 0.0 0.0 32607.0 6273606.0 32607.0 32607.0 39.1284 97.821 652.14 7.4272
CIR_JumpMqtt_pf06_100_1000_ln01_00001_3_10000000000 19 10000.0 10000.0 1.0 2580.098029954 32398.0 6233932.0 0.0 0.0 32398.0 6233932.0 32398.0 32398.0 38.8776 97.194 647.96 7.4282
CIR_JumpMqtt_pf06_100_1000_ln01_00001_3_10000000000 20 10000.0 10000.0 1.0 2838.6815844674 32614.0 6274716.0 0.0 0.0 32614.0 6274716.0 32614.0 32614.0 39.1368 97.842 652.28 7.4515
CIR_JumpRouting_pf06_100_1000_ln01_00001_3_10000000000 18 10000.0 10000.0 1.0 11580.7304660707 54456.0 1.0448816E7 0.0 0.0 54456.0 1.0448816E7 54456.0 54456.0 65.3472 163.368 1089.12 5.4456
CIR_JumpRouting_pf06_100_1000_ln01_00001_3_10000000000 19 10000.0 10000.0 1.0 11660.6545914781 54450.0 1.04477E7 0.0 0.0 54450.0 1.04477E7 54450.0 54450.0 65.34 163.35 1089.0 5.445
CIR_JumpRouting_pf06_100_1000_ln01_00001_3_10000000000 20 10000.0 10000.0 1.0 11821.059181833 54570.0 1.047002E7 0.0 0.0 54570.0 1.047002E7 54570.0 54570.0 65.484 163.71 1091.4 5.457
CIR_JumpRouting_pf06_100_1000_ln01_00001_3_10000000000 21 10000.0 10000.0 1.0 11388.813757261101 54448.0 1.0447328E7 0.0 0.0 54448.0 1.0447328E7 54448.0 54448.0 65.3376 163.344 1088.96 5.4448
CIR_JumpMqtt_pf06_100_1000_ln01_00001_3_10000000000 21 10000.0 10000.0 1.0 2439.0005947675 32487.0 6250294.0 0.0 0.0 32487.0 6250294.0 32487.0 32487.0 38.9844 97.461 649.74 7.4135
CIR_JumpMqtt_pf06_100_1000_ln01_00001_3_10000000000 23 10000.0 10000.0 1.0 2980.860307397 32246.0 6205788.0 0.0 0.0 32246.0 6205788.0 32246.0 32246.0 38.6952 96.738 644.92 7.3927
CIR_JumpMqtt_pf06_100_1000_ln01_00001_3_10000000000 22 10000.0 10000.0 1.0 2870.3671674086 32430.0 6239468.0 0.0 0.0 32430.0 6239468.0 32430.0 32430.0 38.916 97.29 648.6 7.4146
CIR_JumpRouting_pf06_100_1000_ln01_00001_3_10000000000 22 10000.0 10000.0 1.0 11741.1613584826 54229.0 1.0406594E7 0.0 0.0 54229.0 1.0406594E7 54229.0 54229.0 65.0748 162.687 1084.58 5.4229
CIR_JumpMqtt_pf06_100_1000_ln01_00001_3_10000000000 24 10000.0 10000.0 1.0 2940.7021141012997 32433.0 6240666.0 0.0 0.0 32433.0 6240666.0 32433.0 32433.0 38.9196 97.299 648.66 7.4038
CIR_JumpRouting_pf06_100_1000_ln01_00001_3_10000000000 23 10000.0 10000.0 1.0 12120.0813953665 54486.0 1.0454396E7 0.0 0.0 54486.0 1.0454396E7 54486.0 54486.0 65.3832 163.458 1089.72 5.4486
CIR_JumpRouting_pf06_100_1000_ln01_00001_3_10000000000 24 10000.0 10000.0 1.0 11877.9435749464 54412.0 1.0440632E7 0.0 0.0 54412.0 1.0440632E7 54412.0 54412.0 65.2944 163.236 1088.24 5.4412
CIR_JumpRouting_pf06_100_1000_ln01_00001_3_10000000000 25 10000.0 10000.0 1.0 11681.8746322436 54307.0 1.0421102E7 0.0 0.0 54307.0 1.0421102E7 54307.0 54307.0 65.1684 162.921 1086.14 5.4307
CIR_JumpMqtt_pf06_100_1000_ln01_00001_3_10000000000 25 10000.0 10000.0 1.0 2702.1004183505997 32455.0 6244822.0 0.0 0.0 32455.0 6244822.0 32455.0 32455.0 38.946 97.365 649.1 7.4227
CIR_JumpMqtt_pf06_100_1000_ln01_00001_3_10000000000 26 10000.0 10000.0 1.0 2810.7796378427 32407.0 6235254.0 0.0 0.0 32407.0 6235254.0 32407.0 32407.0 38.8884 97.221 648.14 7.4121
CIR_JumpRouting_pf06_100_1000_ln01_00001_3_10000000000 26 10000.0 10000.0 1.0 11581.3448019894 53981.0 1.0360466E7 0.0 0.0 53981.0 1.0360466E7 53981.0 53981.0 64.7772 161.943 1079.62 5.3981
CIR_JumpMqtt_pf06_100_1000_ln01_00001_3_10000000000 27 10000.0 10000.0 1.0 3009.2428905949996 32444.0 6244088.0 0.0 0.0 32444.0 6244088.0 32444.0 32444.0 38.9328 97.332 648.88 7.3822
CIR_JumpMqtt_pf06_100_1000_ln01_00001_3_10000000000 28 10000.0 10000.0 1.0 3067.1698817192996 32539.0 6260126.0 0.0 0.0 32539.0 6260126.0 32539.0 32539.0 39.0468 97.617 650.78 7.4349
CIR_JumpRouting_pf06_100_1000_ln01_00001_3_10000000000 27 10000.0 10000.0 1.0 11947.968787826001 54455.0 1.044863E7 0.0 0.0 54455.0 1.044863E7 54455.0 54455.0 65.346 163.365 1089.1 5.4455
CIR_JumpRouting_pf06_100_1000_ln01_00001_3_10000000000 28 10000.0 10000.0 1.0 11981.9166413029 53950.0 1.03547E7 0.0 0.0 53950.0 1.03547E7 53950.0 53950.0 64.74 161.85 1079.0 5.395
CIR_JumpMqtt_pf06_100_1000_ln01_00001_3_10000000000 29 10000.0 10000.0 1.0 2791.6629990739 32524.0 6258392.0 0.0 0.0 32524.0 6258392.0 32524.0 32524.0 39.0288 97.572 650.48 7.4069
CIR_JumpRouting_pf06_100_1000_ln01_00001_3_10000000000 29 10000.0 10000.0 1.0 11585.8035225284 53975.0 1.035935E7 0.0 0.0 53975.0 1.035935E7 53975.0 53975.0 64.77 161.925 1079.5 5.3975
CIR_JumpMqtt_pf06_100_1000_ln01_00001_3_10000000000 30 10000.0 10000.0 1.0 2544.0967639871 32232.0 6201808.0 0.0 0.0 32232.0 6201808.0 32232.0 32232.0 38.6784 96.696 644.64 7.4155
CIR_JumpRouting_pf06_100_1000_ln01_00001_3_10000000000 30 10000.0 10000.0 1.0 11565.4460601124 54144.0 1.0390784E7 0.0 0.0 54144.0 1.0390784E7 54144.0 54144.0 64.9728 162.432 1082.88 5.4144
CIR_JumpMqtt_pf07_100_1000_ln01_00001_3_10000000000 1 10000.0 10000.0 1.0 3997.5541866229 37104.0 7109504.0 0.0 0.0 37104.0 7109504.0 37104.0 37104.0 44.5248 111.312 742.08 8.1476
CIR_JumpMqtt_pf07_100_1000_ln01_00001_3_10000000000 3 10000.0 10000.0 1.0 3919.0247091496 37272.0 7141232.0 0.0 0.0 37272.0 7141232.0 37272.0 37272.0 44.7264 111.816 745.44 8.1458
CIR_JumpMqtt_pf07_100_1000_ln01_00001_3_10000000000 2 10000.0 10000.0 1.0 3813.4316058250997 37089.0 7106074.0 0.0 0.0 37089.0 7106074.0 37089.0 37089.0 44.5068 111.267 741.78 8.1423
CIR_JumpRouting_pf07_100_1000_ln01_00001_3_10000000000 1 10000.0 10000.0 1.0 13680.356503196199 61710.0 1.179806E7 0.0 0.0 61710.0 1.179806E7 61710.0 61710.0 74.052 185.13 1234.2 6.171
CIR_JumpMqtt_pf07_100_1000_ln01_00001_3_10000000000 4 10000.0 10000.0 1.0 3665.0438291932 37190.0 7125660.0 0.0 0.0 37190.0 7125660.0 37190.0 37190.0 44.628 111.57 743.8 8.1384
CIR_JumpRouting_pf07_100_1000_ln01_00001_3_10000000000 4 10000.0 10000.0 1.0 13242.4381497862 61430.0 1.174598E7 0.0 0.0 61430.0 1.174598E7 61430.0 61430.0 73.716 184.29 1228.6 6.143
CIR_JumpRouting_pf07_100_1000_ln01_00001_3_10000000000 2 10000.0 10000.0 1.0 13479.8495673052 61492.0 1.1757512E7 0.0 0.0 61492.0 1.1757512E7 61492.0 61492.0 73.7904 184.476 1229.84 6.1492
CIR_JumpRouting_pf07_100_1000_ln01_00001_3_10000000000 3 10000.0 10000.0 1.0 13561.8631917843 61461.0 1.1751746E7 0.0 0.0 61461.0 1.1751746E7 61461.0 61461.0 73.7532 184.383 1229.22 6.1461
CIR_JumpMqtt_pf07_100_1000_ln01_00001_3_10000000000 5 10000.0 10000.0 1.0 3861.0146707593003 36758.0 7042684.0 0.0 0.0 36758.0 7042684.0 36758.0 36758.0 44.1096 110.274 735.16 8.1562
CIR_JumpMqtt_pf07_100_1000_ln01_00001_3_10000000000 7 10000.0 10000.0 1.0 4168.6555460101 37469.0 7178578.0 0.0 0.0 37469.0 7178578.0 37469.0 37469.0 44.9628 112.407 749.38 8.1766
CIR_JumpRouting_pf07_100_1000_ln01_00001_3_10000000000 5 10000.0 10000.0 1.0 13604.666786277201 61547.0 1.1767742E7 0.0 0.0 61547.0 1.1767742E7 61547.0 61547.0 73.8564 184.641 1230.94 6.1547
CIR_JumpMqtt_pf07_100_1000_ln01_00001_3_10000000000 8 10000.0 10000.0 1.0 3792.3188298403 37376.0 7160288.0 0.0 0.0 37376.0 7160288.0 37376.0 37376.0 44.8512 112.128 747.52 8.1612
CIR_JumpMqtt_pf07_100_1000_ln01_00001_3_10000000000 6 10000.0 10000.0 1.0 4095.7157752642 37167.0 7119942.0 0.0 0.0 37167.0 7119942.0 37167.0 37167.0 44.6004 111.501 743.34 8.1641
CIR_JumpRouting_pf07_100_1000_ln01_00001_3_10000000000 6 10000.0 10000.0 1.0 13750.7042327683 61427.0 1.1745422E7 0.0 0.0 61427.0 1.1745422E7 61427.0 61427.0 73.7124 184.281 1228.54 6.1427
CIR_JumpRouting_pf07_100_1000_ln01_00001_3_10000000000 7 10000.0 10000.0 1.0 13813.8997149891 61464.0 1.1752304E7 0.0 0.0 61464.0 1.1752304E7 61464.0 61464.0 73.7568 184.392 1229.28 6.1464
CIR_JumpRouting_pf07_100_1000_ln01_00001_3_10000000000 8 10000.0 10000.0 1.0 13275.1689051916 61628.0 1.1782808E7 0.0 0.0 61628.0 1.1782808E7 61628.0 61628.0 73.9536 184.884 1232.56 6.1628
CIR_JumpMqtt_pf07_100_1000_ln01_00001_3_10000000000 9 10000.0 10000.0 1.0 4124.8653714277 37298.0 7145652.0 0.0 0.0 37298.0 7145652.0 37298.0 37298.0 44.7576 111.894 745.96 8.161
CIR_JumpMqtt_pf07_100_1000_ln01_00001_3_10000000000 10 10000.0 10000.0 1.0 3715.4142675568 37311.0 7148550.0 0.0 0.0 37311.0 7148550.0 37311.0 37311.0 44.7732 111.933 746.22 8.167
CIR_JumpMqtt_pf07_100_1000_ln01_00001_3_10000000000 11 10000.0 10000.0 1.0 3525.3058093541003 36964.0 7083368.0 0.0 0.0 36964.0 7083368.0 36964.0 36964.0 44.3568 110.892 739.28 8.1231
CIR_JumpRouting_pf07_100_1000_ln01_00001_3_10000000000 12 10000.0 10000.0 1.0 14006.310777528799 61326.0 1.1726636E7 0.0 0.0 61326.0 1.1726636E7 61326.0 61326.0 73.5912 183.978 1226.52 6.1326
CIR_JumpMqtt_pf07_100_1000_ln01_00001_3_10000000000 12 10000.0 10000.0 1.0 4493.7870240063 37662.0 7215276.0 0.0 0.0 37662.0 7215276.0 37662.0 37662.0 45.1944 112.986 753.24 8.1647
CIR_JumpRouting_pf07_100_1000_ln01_00001_3_10000000000 9 10000.0 10000.0 1.0 13671.200961868999 61725.0 1.180085E7 0.0 0.0 61725.0 1.180085E7 61725.0 61725.0 74.07 185.175 1234.5 6.1725
CIR_JumpRouting_pf07_100_1000_ln01_00001_3_10000000000 10 10000.0 10000.0 1.0 13435.9876041895 62022.0 1.1856092E7 0.0 0.0 62022.0 1.1856092E7 62022.0 62022.0 74.4264 186.066 1240.44 6.2022
CIR_JumpRouting_pf07_100_1000_ln01_00001_3_10000000000 11 10000.0 10000.0 1.0 13083.879507887199 61053.0 1.1675858E7 0.0 0.0 61053.0 1.1675858E7 61053.0 61053.0 73.2636 183.159 1221.06 6.1053
CIR_JumpMqtt_pf07_100_1000_ln01_00001_3_10000000000 13 10000.0 10000.0 1.0 4173.2791952794 37151.0 7117638.0 0.0 0.0 37151.0 7117638.0 37151.0 37151.0 44.5812 111.453 743.02 8.1648
CIR_JumpRouting_pf07_100_1000_ln01_00001_3_10000000000 13 10000.0 10000.0 1.0 13716.269941777 61381.0 1.1736866E7 0.0 0.0 61381.0 1.1736866E7 61381.0 61381.0 73.6572 184.143 1227.62 6.1381
CIR_JumpRouting_pf07_100_1000_ln01_00001_3_10000000000 14 10000.0 10000.0 1.0 13461.0447038215 61312.0 1.1724032E7 0.0 0.0 61312.0 1.1724032E7 61312.0 61312.0 73.5744 183.936 1226.24 6.1312
CIR_JumpMqtt_pf07_100_1000_ln01_00001_3_10000000000 16 10000.0 10000.0 1.0 4252.9179354459 37202.0 7126996.0 0.0 0.0 37202.0 7126996.0 37202.0 37202.0 44.6424 111.606 744.04 8.1645
CIR_JumpMqtt_pf07_100_1000_ln01_00001_3_10000000000 14 10000.0 10000.0 1.0 3922.4458425013 37609.0 7204490.0 0.0 0.0 37609.0 7204490.0 37609.0 37609.0 45.1308 112.827 752.18 8.1748
CIR_JumpMqtt_pf07_100_1000_ln01_00001_3_10000000000 15 10000.0 10000.0 1.0 3906.8935571159 37587.0 7198094.0 0.0 0.0 37587.0 7198094.0 37587.0 37587.0 45.1044 112.761 751.74 8.241
CIR_JumpRouting_pf07_100_1000_ln01_00001_3_10000000000 15 10000.0 10000.0 1.0 13674.820135674801 61792.0 1.1813312E7 0.0 0.0 61792.0 1.1813312E7 61792.0 61792.0 74.1504 185.376 1235.84 6.1792
CIR_JumpRouting_pf07_100_1000_ln01_00001_3_10000000000 16 10000.0 10000.0 1.0 13875.7031364226 62047.0 1.1860742E7 0.0 0.0 62047.0 1.1860742E7 62047.0 62047.0 74.4564 186.141 1240.94 6.2047
CIR_JumpMqtt_pf07_100_1000_ln01_00001_3_10000000000 17 10000.0 10000.0 1.0 4025.6438840573 37494.0 7182844.0 0.0 0.0 37494.0 7182844.0 37494.0 37494.0 44.9928 112.482 749.88 8.1778
CIR_JumpMqtt_pf07_100_1000_ln01_00001_3_10000000000 18 10000.0 10000.0 1.0 3569.8177641073 37043.0 7098702.0 0.0 0.0 37043.0 7098702.0 37043.0 37043.0 44.4516 111.129 740.86 8.0821
CIR_JumpRouting_pf07_100_1000_ln01_00001_3_10000000000 18 10000.0 10000.0 1.0 13254.872286076401 61830.0 1.182038E7 0.0 0.0 61830.0 1.182038E7 61830.0 61830.0 74.196 185.49 1236.6 6.183
CIR_JumpRouting_pf07_100_1000_ln01_00001_3_10000000000 17 10000.0 10000.0 1.0 13677.5799177015 61564.0 1.1770904E7 0.0 0.0 61564.0 1.1770904E7 61564.0 61564.0 73.8768 184.692 1231.28 6.1564
CIR_JumpMqtt_pf07_100_1000_ln01_00001_3_10000000000 20 10000.0 10000.0 1.0 3893.3504432489 37319.0 7149846.0 0.0 0.0 37319.0 7149846.0 37319.0 37319.0 44.7828 111.957 746.38 8.1597
CIR_JumpRouting_pf07_100_1000_ln01_00001_3_10000000000 19 10000.0 10000.0 1.0 13538.9816752752 61559.0 1.1769974E7 0.0 0.0 61559.0 1.1769974E7 61559.0 61559.0 73.8708 184.677 1231.18 6.1559
CIR_JumpMqtt_pf07_100_1000_ln01_00001_3_10000000000 19 10000.0 10000.0 1.0 3639.7872275989 36980.0 7086184.0 0.0 0.0 36980.0 7086184.0 36980.0 36980.0 44.376 110.94 739.6 8.1147
CIR_JumpRouting_pf07_100_1000_ln01_00001_3_10000000000 20 10000.0 10000.0 1.0 13558.0346685039 61257.0 1.1713802E7 0.0 0.0 61257.0 1.1713802E7 61257.0 61257.0 73.5084 183.771 1225.14 6.1257
CIR_JumpMqtt_pf07_100_1000_ln01_00001_3_10000000000 21 10000.0 10000.0 1.0 3491.1490453553 37288.0 7143280.0 0.0 0.0 37288.0 7143280.0 37288.0 37288.0 44.7456 111.864 745.76 8.1826
CIR_JumpMqtt_pf07_100_1000_ln01_00001_3_10000000000 22 10000.0 10000.0 1.0 4060.5971424176 37096.0 7107344.0 0.0 0.0 37096.0 7107344.0 37096.0 37096.0 44.5152 111.288 741.92 8.1506
CIR_JumpRouting_pf07_100_1000_ln01_00001_3_10000000000 21 10000.0 10000.0 1.0 13352.147241032499 61803.0 1.1815358E7 0.0 0.0 61803.0 1.1815358E7 61803.0 61803.0 74.1636 185.409 1236.06 6.1803
CIR_JumpMqtt_pf07_100_1000_ln01_00001_3_10000000000 23 10000.0 10000.0 1.0 4197.5788909678995 37365.0 7157922.0 0.0 0.0 37365.0 7157922.0 37365.0 37365.0 44.838 112.095 747.3 8.2152
CIR_JumpRouting_pf07_100_1000_ln01_00001_3_10000000000 22 10000.0 10000.0 1.0 13694.211077676398 61914.0 1.1836004E7 0.0 0.0 61914.0 1.1836004E7 61914.0 61914.0 74.2968 185.742 1238.28 6.1914
CIR_JumpMqtt_pf07_100_1000_ln01_00001_3_10000000000 24 10000.0 10000.0 1.0 4078.8735546764 37405.0 7165458.0 0.0 0.0 37405.0 7165458.0 37405.0 37405.0 44.886 112.215 748.1 8.1731
CIR_JumpRouting_pf07_100_1000_ln01_00001_3_10000000000 23 10000.0 10000.0 1.0 13955.4499289433 61836.0 1.1821496E7 0.0 0.0 61836.0 1.1821496E7 61836.0 61836.0 74.2032 185.508 1236.72 6.1836
CIR_JumpRouting_pf07_100_1000_ln01_00001_3_10000000000 24 10000.0 10000.0 1.0 13814.1579579208 61795.0 1.181387E7 0.0 0.0 61795.0 1.181387E7 61795.0 61795.0 74.154 185.385 1235.9 6.1795
CIR_JumpRouting_pf07_100_1000_ln01_00001_3_10000000000 25 10000.0 10000.0 1.0 13493.979412832 61500.0 1.1759E7 0.0 0.0 61500.0 1.1759E7 61500.0 61500.0 73.8 184.5 1230.0 6.15
CIR_JumpMqtt_pf07_100_1000_ln01_00001_3_10000000000 25 10000.0 10000.0 1.0 3937.7328084260002 37304.0 7146736.0 0.0 0.0 37304.0 7146736.0 37304.0 37304.0 44.7648 111.912 746.08 8.153
CIR_JumpMqtt_pf07_100_1000_ln01_00001_3_10000000000 26 10000.0 10000.0 1.0 3847.1198304454997 37360.0 7156512.0 0.0 0.0 37360.0 7156512.0 37360.0 37360.0 44.832 112.08 747.2 8.1946
CIR_JumpMqtt_pf07_100_1000_ln01_00001_3_10000000000 27 10000.0 10000.0 1.0 4234.8100287459 36973.0 7086482.0 0.0 0.0 36973.0 7086482.0 36973.0 36973.0 44.3676 110.919 739.46 8.0824
CIR_JumpRouting_pf07_100_1000_ln01_00001_3_10000000000 26 10000.0 10000.0 1.0 13654.3718370175 61616.0 1.1780576E7 0.0 0.0 61616.0 1.1780576E7 61616.0 61616.0 73.9392 184.848 1232.32 6.1616
CIR_JumpMqtt_pf07_100_1000_ln01_00001_3_10000000000 28 10000.0 10000.0 1.0 4134.7658325176 36931.0 7077038.0 0.0 0.0 36931.0 7077038.0 36931.0 36931.0 44.3172 110.793 738.62 8.1216
CIR_JumpRouting_pf07_100_1000_ln01_00001_3_10000000000 27 10000.0 10000.0 1.0 13707.4000247905 61406.0 1.1741516E7 0.0 0.0 61406.0 1.1741516E7 61406.0 61406.0 73.6872 184.218 1228.12 6.1406
CIR_JumpRouting_pf07_100_1000_ln01_00001_3_10000000000 28 10000.0 10000.0 1.0 13853.4297126418 61616.0 1.1780576E7 0.0 0.0 61616.0 1.1780576E7 61616.0 61616.0 73.9392 184.848 1232.32 6.1616
CIR_JumpMqtt_pf07_100_1000_ln01_00001_3_10000000000 30 10000.0 10000.0 1.0 3540.8830742944997 36848.0 7060384.0 0.0 0.0 36848.0 7060384.0 36848.0 36848.0 44.2176 110.544 736.96 8.1043
CIR_JumpMqtt_pf07_100_1000_ln01_00001_3_10000000000 29 10000.0 10000.0 1.0 3778.4817225771 37373.0 7160306.0 0.0 0.0 37373.0 7160306.0 37373.0 37373.0 44.8476 112.119 747.46 8.151
CIR_JumpRouting_pf07_100_1000_ln01_00001_3_10000000000 29 10000.0 10000.0 1.0 13316.94817092 61306.0 1.1722916E7 0.0 0.0 61306.0 1.1722916E7 61306.0 61306.0 73.5672 183.918 1226.12 6.1306
CIR_JumpRouting_pf07_100_1000_ln01_00001_3_10000000000 30 10000.0 10000.0 1.0 13282.2687621045 61259.0 1.1714174E7 0.0 0.0 61259.0 1.1714174E7 61259.0 61259.0 73.5108 183.777 1225.18 6.1259
CIR_JumpRouting_pf08_100_1000_ln01_00001_3_10000000000 1 10000.0 10000.0 1.0 16981.3004793687 73618.0 1.4012948E7 0.0 0.0 73618.0 1.4012948E7 73618.0 73618.0 88.3416 220.854 1472.36 7.3618
CIR_JumpRouting_pf08_100_1000_ln01_00001_3_10000000000 2 10000.0 10000.0 1.0 16781.8503553232 74168.0 1.4115248E7 0.0 0.0 74168.0 1.4115248E7 74168.0 74168.0 89.0016 222.504 1483.36 7.4168
CIR_JumpMqtt_pf08_100_1000_ln01_00001_3_10000000000 4 10000.0 10000.0 1.0 5755.024060532 45070.0 8591340.0 0.0 0.0 45070.0 8591340.0 45070.0 45070.0 54.084 135.21 901.4 9.3223
CIR_JumpMqtt_pf08_100_1000_ln01_00001_3_10000000000 2 10000.0 10000.0 1.0 6068.753842360799 45525.0 8675170.0 0.0 0.0 45525.0 8675170.0 45525.0 45525.0 54.63 136.575 910.5 9.4237
CIR_JumpMqtt_pf08_100_1000_ln01_00001_3_10000000000 3 10000.0 10000.0 1.0 5866.1301514021 45050.0 8587940.0 0.0 0.0 45050.0 8587940.0 45050.0 45050.0 54.06 135.15 901.0 9.3539
CIR_JumpRouting_pf08_100_1000_ln01_00001_3_10000000000 4 10000.0 10000.0 1.0 16606.1469520827 73689.0 1.4026154E7 0.0 0.0 73689.0 1.4026154E7 73689.0 73689.0 88.4268 221.067 1473.78 7.3689
CIR_JumpMqtt_pf08_100_1000_ln01_00001_3_10000000000 1 10000.0 10000.0 1.0 6127.4571436205 45015.0 8580950.0 0.0 0.0 45015.0 8580950.0 45015.0 45015.0 54.018 135.045 900.3 9.334
CIR_JumpRouting_pf08_100_1000_ln01_00001_3_10000000000 3 10000.0 10000.0 1.0 16823.088168644 74089.0 1.4100554E7 0.0 0.0 74089.0 1.4100554E7 74089.0 74089.0 88.9068 222.267 1481.78 7.4089
CIR_JumpMqtt_pf08_100_1000_ln01_00001_3_10000000000 6 10000.0 10000.0 1.0 6234.0404345594 45029.0 8582274.0 0.0 0.0 45029.0 8582274.0 45029.0 45029.0 54.0348 135.087 900.58 9.3783
CIR_JumpMqtt_pf08_100_1000_ln01_00001_3_10000000000 5 10000.0 10000.0 1.0 6051.5159794285 45012.0 8577928.0 0.0 0.0 45012.0 8577928.0 45012.0 45012.0 54.0144 135.036 900.24 9.4005
CIR_JumpMqtt_pf08_100_1000_ln01_00001_3_10000000000 7 10000.0 10000.0 1.0 6368.566104979999 45514.0 8674948.0 0.0 0.0 45514.0 8674948.0 45514.0 45514.0 54.6168 136.542 910.28 9.3797
CIR_JumpRouting_pf08_100_1000_ln01_00001_3_10000000000 5 10000.0 10000.0 1.0 16908.4306487686 73724.0 1.4032664E7 0.0 0.0 73724.0 1.4032664E7 73724.0 73724.0 88.4688 221.172 1474.48 7.3724
CIR_JumpRouting_pf08_100_1000_ln01_00001_3_10000000000 6 10000.0 10000.0 1.0 17071.2104537308 73700.0 1.40282E7 0.0 0.0 73700.0 1.40282E7 73700.0 73700.0 88.44 221.1 1474.0 7.37
CIR_JumpMqtt_pf08_100_1000_ln01_00001_3_10000000000 8 10000.0 10000.0 1.0 5680.0951853499 45379.0 8648846.0 0.0 0.0 45379.0 8648846.0 45379.0 45379.0 54.4548 136.137 907.58 9.3892
CIR_JumpRouting_pf08_100_1000_ln01_00001_3_10000000000 8 10000.0 10000.0 1.0 16518.28659535 73574.0 1.4004764E7 0.0 0.0 73574.0 1.4004764E7 73574.0 73574.0 88.2888 220.722 1471.48 7.3574
CIR_JumpRouting_pf08_100_1000_ln01_00001_3_10000000000 7 10000.0 10000.0 1.0 17050.274618951098 73649.0 1.4018714E7 0.0 0.0 73649.0 1.4018714E7 73649.0 73649.0 88.3788 220.947 1472.98 7.3649
CIR_JumpMqtt_pf08_100_1000_ln01_00001_3_10000000000 9 10000.0 10000.0 1.0 5998.6292879973 44669.0 8516658.0 0.0 0.0 44669.0 8516658.0 44669.0 44669.0 53.6028 134.007 893.38 9.2968
CIR_JumpMqtt_pf08_100_1000_ln01_00001_3_10000000000 11 10000.0 10000.0 1.0 5530.487528557101 44732.0 8528216.0 0.0 0.0 44732.0 8528216.0 44732.0 44732.0 53.6784 134.196 894.64 9.2657
CIR_JumpRouting_pf08_100_1000_ln01_00001_3_10000000000 9 10000.0 10000.0 1.0 16788.8793317797 73204.0 1.3935944E7 0.0 0.0 73204.0 1.3935944E7 73204.0 73204.0 87.8448 219.612 1464.08 7.3204
CIR_JumpMqtt_pf08_100_1000_ln01_00001_3_10000000000 10 10000.0 10000.0 1.0 5941.0661385478 45331.0 8640270.0 0.0 0.0 45331.0 8640270.0 45331.0 45331.0 54.3972 135.993 906.62 9.3899
CIR_JumpRouting_pf08_100_1000_ln01_00001_3_10000000000 11 10000.0 10000.0 1.0 16436.3309886031 73502.0 1.3991372E7 0.0 0.0 73502.0 1.3991372E7 73502.0 73502.0 88.2024 220.506 1470.04 7.3502
CIR_JumpRouting_pf08_100_1000_ln01_00001_3_10000000000 10 10000.0 10000.0 1.0 16681.534146568 73761.0 1.4039546E7 0.0 0.0 73761.0 1.4039546E7 73761.0 73761.0 88.5132 221.283 1475.22 7.3761
CIR_JumpMqtt_pf08_100_1000_ln01_00001_3_10000000000 12 10000.0 10000.0 1.0 6707.3038719227 45576.0 8687280.0 0.0 0.0 45576.0 8687280.0 45576.0 45576.0 54.6912 136.728 911.52 9.4024
CIR_JumpRouting_pf08_100_1000_ln01_00001_3_10000000000 12 10000.0 10000.0 1.0 17308.0521532707 73707.0 1.4029502E7 0.0 0.0 73707.0 1.4029502E7 73707.0 73707.0 88.4484 221.121 1474.14 7.3707
CIR_JumpMqtt_pf08_100_1000_ln01_00001_3_10000000000 13 10000.0 10000.0 1.0 6167.0053696095 44883.0 8555790.0 0.0 0.0 44883.0 8555790.0 44883.0 44883.0 53.8596 134.649 897.66 9.3531
CIR_JumpMqtt_pf08_100_1000_ln01_00001_3_10000000000 14 10000.0 10000.0 1.0 5838.5172442125995 45075.0 8593166.0 0.0 0.0 45075.0 8593166.0 45075.0 45075.0 54.09 135.225 901.5 9.3084
CIR_JumpMqtt_pf08_100_1000_ln01_00001_3_10000000000 15 10000.0 10000.0 1.0 5904.1233272365 45064.0 8588816.0 0.0 0.0 45064.0 8588816.0 45064.0 45064.0 54.0768 135.192 901.28 9.3855
CIR_JumpRouting_pf08_100_1000_ln01_00001_3_10000000000 13 10000.0 10000.0 1.0 16941.4577507209 73599.0 1.4009414E7 0.0 0.0 73599.0 1.4009414E7 73599.0 73599.0 88.3188 220.797 1471.98 7.3599
CIR_JumpRouting_pf08_100_1000_ln01_00001_3_10000000000 14 10000.0 10000.0 1.0 16928.3576396233 73913.0 1.4067818E7 0.0 0.0 73913.0 1.4067818E7 73913.0 73913.0 88.6956 221.739 1478.26 7.3913
CIR_JumpRouting_pf08_100_1000_ln01_00001_3_10000000000 15 10000.0 10000.0 1.0 17117.0737145992 74376.0 1.4153936E7 0.0 0.0 74376.0 1.4153936E7 74376.0 74376.0 89.2512 223.128 1487.52 7.4376
CIR_JumpMqtt_pf08_100_1000_ln01_00001_3_10000000000 16 10000.0 10000.0 1.0 6405.9965091511 45026.0 8582260.0 0.0 0.0 45026.0 8582260.0 45026.0 45026.0 54.0312 135.078 900.52 9.3699
CIR_JumpRouting_pf08_100_1000_ln01_00001_3_10000000000 16 10000.0 10000.0 1.0 17179.2683418256 74312.0 1.4142032E7 0.0 0.0 74312.0 1.4142032E7 74312.0 74312.0 89.1744 222.936 1486.24 7.4312
CIR_JumpRouting_pf08_100_1000_ln01_00001_3_10000000000 17 10000.0 10000.0 1.0 16878.8997261672 73741.0 1.4035826E7 0.0 0.0 73741.0 1.4035826E7 73741.0 73741.0 88.4892 221.223 1474.82 7.3741
CIR_JumpMqtt_pf08_100_1000_ln01_00001_3_10000000000 17 10000.0 10000.0 1.0 6141.119525821399 45578.0 8686468.0 0.0 0.0 45578.0 8686468.0 45578.0 45578.0 54.6936 136.734 911.56 9.4175
CIR_JumpMqtt_pf08_100_1000_ln01_00001_3_10000000000 18 10000.0 10000.0 1.0 5896.8793753315 45643.0 8698302.0 0.0 0.0 45643.0 8698302.0 45643.0 45643.0 54.7716 136.929 912.86 9.432
CIR_JumpMqtt_pf08_100_1000_ln01_00001_3_10000000000 19 10000.0 10000.0 1.0 5695.0570109199 44566.0 8497180.0 0.0 0.0 44566.0 8497180.0 44566.0 44566.0 53.4792 133.698 891.32 9.2756
CIR_JumpRouting_pf08_100_1000_ln01_00001_3_10000000000 18 10000.0 10000.0 1.0 16684.523512884898 74021.0 1.4087906E7 0.0 0.0 74021.0 1.4087906E7 74021.0 74021.0 88.8252 222.063 1480.42 7.4021
CIR_JumpRouting_pf08_100_1000_ln01_00001_3_10000000000 19 10000.0 10000.0 1.0 16684.3550946272 73777.0 1.4042522E7 0.0 0.0 73777.0 1.4042522E7 73777.0 73777.0 88.5324 221.331 1475.54 7.3777
CIR_JumpMqtt_pf08_100_1000_ln01_00001_3_10000000000 20 10000.0 10000.0 1.0 5992.011525826 45248.0 8624640.0 0.0 0.0 45248.0 8624640.0 45248.0 45248.0 54.2976 135.744 904.96 9.3969
CIR_JumpRouting_pf08_100_1000_ln01_00001_3_10000000000 20 10000.0 10000.0 1.0 16882.2519950077 73572.0 1.4004392E7 0.0 0.0 73572.0 1.4004392E7 73572.0 73572.0 88.2864 220.716 1471.44 7.3572
CIR_JumpMqtt_pf08_100_1000_ln01_00001_3_10000000000 21 10000.0 10000.0 1.0 5454.1979470936 44972.0 8572504.0 0.0 0.0 44972.0 8572504.0 44972.0 44972.0 53.9664 134.916 899.44 9.3506
CIR_JumpRouting_pf08_100_1000_ln01_00001_3_10000000000 21 10000.0 10000.0 1.0 16515.2980657177 73635.0 1.401611E7 0.0 0.0 73635.0 1.401611E7 73635.0 73635.0 88.362 220.905 1472.7 7.3635
CIR_JumpMqtt_pf08_100_1000_ln01_00001_3_10000000000 22 10000.0 10000.0 1.0 6066.8410745901 44777.0 8536010.0 0.0 0.0 44777.0 8536010.0 44777.0 44777.0 53.7324 134.331 895.54 9.3615
CIR_JumpMqtt_pf08_100_1000_ln01_00001_3_10000000000 23 10000.0 10000.0 1.0 6241.5764494898995 45545.0 8679402.0 0.0 0.0 45545.0 8679402.0 45545.0 45545.0 54.654 136.635 910.9 9.4376
CIR_JumpRouting_pf08_100_1000_ln01_00001_3_10000000000 23 10000.0 10000.0 1.0 17231.4792239261 74163.0 1.4114318E7 0.0 0.0 74163.0 1.4114318E7 74163.0 74163.0 88.9956 222.489 1483.26 7.4163
CIR_JumpMqtt_pf08_100_1000_ln01_00001_3_10000000000 24 10000.0 10000.0 1.0 6059.7236824465 44773.0 8535906.0 0.0 0.0 44773.0 8535906.0 44773.0 44773.0 53.7276 134.319 895.46 9.3043
CIR_JumpRouting_pf08_100_1000_ln01_00001_3_10000000000 22 10000.0 10000.0 1.0 16884.230219985002 73936.0 1.4072096E7 0.0 0.0 73936.0 1.4072096E7 73936.0 73936.0 88.7232 221.808 1478.72 7.3936
CIR_JumpRouting_pf08_100_1000_ln01_00001_3_10000000000 24 10000.0 10000.0 1.0 17117.5680150371 73932.0 1.4071352E7 0.0 0.0 73932.0 1.4071352E7 73932.0 73932.0 88.7184 221.796 1478.64 7.3932
CIR_JumpMqtt_pf08_100_1000_ln01_00001_3_10000000000 25 10000.0 10000.0 1.0 6064.7109564655 45285.0 8631202.0 0.0 0.0 45285.0 8631202.0 45285.0 45285.0 54.342 135.855 905.7 9.4321
CIR_JumpRouting_pf08_100_1000_ln01_00001_3_10000000000 25 10000.0 10000.0 1.0 16864.2232083657 73949.0 1.4074514E7 0.0 0.0 73949.0 1.4074514E7 73949.0 73949.0 88.7388 221.847 1478.98 7.3949
CIR_JumpMqtt_pf08_100_1000_ln01_00001_3_10000000000 26 10000.0 10000.0 1.0 5802.3447433694 45459.0 8662926.0 0.0 0.0 45459.0 8662926.0 45459.0 45459.0 54.5508 136.377 909.18 9.4194
CIR_JumpMqtt_pf08_100_1000_ln01_00001_3_10000000000 27 10000.0 10000.0 1.0 6447.5258403243 45281.0 8631770.0 0.0 0.0 45281.0 8631770.0 45281.0 45281.0 54.3372 135.843 905.62 9.3662
CIR_JumpRouting_pf08_100_1000_ln01_00001_3_10000000000 26 10000.0 10000.0 1.0 16877.7880239403 73820.0 1.405052E7 0.0 0.0 73820.0 1.405052E7 73820.0 73820.0 88.584 221.46 1476.4 7.382
CIR_JumpMqtt_pf08_100_1000_ln01_00001_3_10000000000 28 10000.0 10000.0 1.0 6395.1859797266 45437.0 8659154.0 0.0 0.0 45437.0 8659154.0 45437.0 45437.0 54.5244 136.311 908.74 9.4456
CIR_JumpRouting_pf08_100_1000_ln01_00001_3_10000000000 28 10000.0 10000.0 1.0 17385.862711387697 74534.0 1.4183324E7 0.0 0.0 74534.0 1.4183324E7 74534.0 74534.0 89.4408 223.602 1490.68 7.4534
CIR_JumpRouting_pf08_100_1000_ln01_00001_3_10000000000 27 10000.0 10000.0 1.0 17200.553057408502 74454.0 1.4168444E7 0.0 0.0 74454.0 1.4168444E7 74454.0 74454.0 89.3448 223.362 1489.08 7.4454
CIR_JumpMqtt_pf08_100_1000_ln01_00001_3_10000000000 29 10000.0 10000.0 1.0 5784.2831086387 45076.0 8593064.0 0.0 0.0 45076.0 8593064.0 45076.0 45076.0 54.0912 135.228 901.52 9.3247
CIR_JumpRouting_pf08_100_1000_ln01_00001_3_10000000000 29 10000.0 10000.0 1.0 16916.2132231816 74373.0 1.4153378E7 0.0 0.0 74373.0 1.4153378E7 74373.0 74373.0 89.2476 223.119 1487.46 7.4373
CIR_JumpMqtt_pf08_100_1000_ln01_00001_3_10000000000 30 10000.0 10000.0 1.0 5588.1773367748 44882.0 8554708.0 0.0 0.0 44882.0 8554708.0 44882.0 44882.0 53.8584 134.646 897.64 9.394
CIR_JumpRouting_pf08_100_1000_ln01_00001_3_10000000000 30 10000.0 10000.0 1.0 16726.785941201 73845.0 1.405517E7 0.0 0.0 73845.0 1.405517E7 73845.0 73845.0 88.614 221.535 1476.9 7.3845
CIR_JumpMqtt_pf09_100_1000_ln01_00001_3_10000000000 2 10000.0 10000.0 1.0 10586.672518040199 59204.0 1.1219464E7 0.0 0.0 59204.0 1.1219464E7 59204.0 59204.0 71.0448 177.612 1184.08 11.5364
CIR_JumpMqtt_pf09_100_1000_ln01_00001_3_10000000000 3 10000.0 10000.0 1.0 10518.9447962352 59432.0 1.1262992E7 0.0 0.0 59432.0 1.1262992E7 59432.0 59432.0 71.3184 178.296 1188.64 11.5091
CIR_JumpMqtt_pf09_100_1000_ln01_00001_3_10000000000 1 10000.0 10000.0 1.0 10615.365004175399 58852.0 1.1154632E7 0.0 0.0 58852.0 1.1154632E7 58852.0 58852.0 70.6224 176.556 1177.04 11.4979
CIR_JumpMqtt_pf09_100_1000_ln01_00001_3_10000000000 4 10000.0 10000.0 1.0 10336.981435245001 59143.0 1.1208918E7 0.0 0.0 59143.0 1.1208918E7 59143.0 59143.0 70.9716 177.429 1182.86 11.5302
CIR_JumpRouting_pf09_100_1000_ln01_00001_3_10000000000 3 10000.0 10000.0 1.0 24192.1135298753 95663.0 1.8113318E7 0.0 0.0 95663.0 1.8113318E7 95663.0 95663.0 114.7956 286.989 1913.26 9.5663
CIR_JumpRouting_pf09_100_1000_ln01_00001_3_10000000000 2 10000.0 10000.0 1.0 23996.8867819946 95346.0 1.8054356E7 0.0 0.0 95346.0 1.8054356E7 95346.0 95346.0 114.4152 286.038 1906.92 9.5346
CIR_JumpRouting_pf09_100_1000_ln01_00001_3_10000000000 4 10000.0 10000.0 1.0 24003.147426956002 95649.0 1.8110714E7 0.0 0.0 95649.0 1.8110714E7 95649.0 95649.0 114.7788 286.947 1912.98 9.5649
CIR_JumpRouting_pf09_100_1000_ln01_00001_3_10000000000 1 10000.0 10000.0 1.0 24288.0400535437 95586.0 1.8098996E7 0.0 0.0 95586.0 1.8098996E7 95586.0 95586.0 114.7032 286.758 1911.72 9.5586
CIR_JumpMqtt_pf09_100_1000_ln01_00001_3_10000000000 5 10000.0 10000.0 1.0 10702.5661762076 58598.0 1.1104924E7 0.0 0.0 58598.0 1.1104924E7 58598.0 58598.0 70.3176 175.794 1171.96 11.5222
CIR_JumpRouting_pf09_100_1000_ln01_00001_3_10000000000 5 10000.0 10000.0 1.0 24064.8396447561 95145.0 1.801697E7 0.0 0.0 95145.0 1.801697E7 95145.0 95145.0 114.174 285.435 1902.9 9.5145
CIR_JumpMqtt_pf09_100_1000_ln01_00001_3_10000000000 6 10000.0 10000.0 1.0 10713.249439822901 58766.0 1.1137356E7 0.0 0.0 58766.0 1.1137356E7 58766.0 58766.0 70.5192 176.298 1175.32 11.4647
CIR_JumpMqtt_pf09_100_1000_ln01_00001_3_10000000000 7 10000.0 10000.0 1.0 10819.2711428736 59387.0 1.1255326E7 0.0 0.0 59387.0 1.1255326E7 59387.0 59387.0 71.2644 178.161 1187.74 11.5021
CIR_JumpRouting_pf09_100_1000_ln01_00001_3_10000000000 6 10000.0 10000.0 1.0 23967.7788060241 94956.0 1.7981816E7 0.0 0.0 94956.0 1.7981816E7 94956.0 94956.0 113.9472 284.868 1899.12 9.4956
CIR_JumpMqtt_pf09_100_1000_ln01_00001_3_10000000000 8 10000.0 10000.0 1.0 10291.4263256425 59741.0 1.1320178E7 0.0 0.0 59741.0 1.1320178E7 59741.0 59741.0 71.6892 179.223 1194.82 11.5691
CIR_JumpRouting_pf09_100_1000_ln01_00001_3_10000000000 8 10000.0 10000.0 1.0 23457.2478509143 94570.0 1.791002E7 0.0 0.0 94570.0 1.791002E7 94570.0 94570.0 113.484 283.71 1891.4 9.457
CIR_JumpRouting_pf09_100_1000_ln01_00001_3_10000000000 7 10000.0 10000.0 1.0 24315.894421622103 95352.0 1.8055472E7 0.0 0.0 95352.0 1.8055472E7 95352.0 95352.0 114.4224 286.056 1907.04 9.5352
CIR_JumpRouting_pf09_100_1000_ln01_00001_3_10000000000 9 10000.0 10000.0 1.0 24318.0843142479 95497.0 1.8082442E7 0.0 0.0 95497.0 1.8082442E7 95497.0 95497.0 114.5964 286.491 1909.94 9.5497
CIR_JumpMqtt_pf09_100_1000_ln01_00001_3_10000000000 9 10000.0 10000.0 1.0 10767.140518739201 59086.0 1.119822E7 0.0 0.0 59086.0 1.119822E7 59086.0 59086.0 70.9032 177.258 1181.72 11.5281
CIR_JumpMqtt_pf09_100_1000_ln01_00001_3_10000000000 10 10000.0 10000.0 1.0 10312.398219594299 59170.0 1.1214324E7 0.0 0.0 59170.0 1.1214324E7 59170.0 59170.0 71.004 177.51 1183.4 11.4793
CIR_JumpMqtt_pf09_100_1000_ln01_00001_3_10000000000 11 10000.0 10000.0 1.0 9744.831330019899 58413.0 1.1072882E7 0.0 0.0 58413.0 1.1072882E7 58413.0 58413.0 70.0956 175.239 1168.26 11.3967
CIR_JumpRouting_pf09_100_1000_ln01_00001_3_10000000000 10 10000.0 10000.0 1.0 24024.513138927 95879.0 1.8153494E7 0.0 0.0 95879.0 1.8153494E7 95879.0 95879.0 115.0548 287.637 1917.58 9.5879
CIR_JumpMqtt_pf09_100_1000_ln01_00001_3_10000000000 12 10000.0 10000.0 1.0 11358.5611262351 59602.0 1.1296116E7 0.0 0.0 59602.0 1.1296116E7 59602.0 59602.0 71.5224 178.806 1192.04 11.528
CIR_JumpRouting_pf09_100_1000_ln01_00001_3_10000000000 11 10000.0 10000.0 1.0 23785.784442494 95434.0 1.8070724E7 0.0 0.0 95434.0 1.8070724E7 95434.0 95434.0 114.5208 286.302 1908.68 9.5434
CIR_JumpRouting_pf09_100_1000_ln01_00001_3_10000000000 12 10000.0 10000.0 1.0 24388.0414867124 95155.0 1.801883E7 0.0 0.0 95155.0 1.801883E7 95155.0 95155.0 114.186 285.465 1903.1 9.5155
CIR_JumpMqtt_pf09_100_1000_ln01_00001_3_10000000000 13 10000.0 10000.0 1.0 10730.7617225764 58989.0 1.1179506E7 0.0 0.0 58989.0 1.1179506E7 58989.0 58989.0 70.7868 176.967 1179.78 11.5326
CIR_JumpMqtt_pf09_100_1000_ln01_00001_3_10000000000 14 10000.0 10000.0 1.0 10369.0012684044 59154.0 1.121186E7 0.0 0.0 59154.0 1.121186E7 59154.0 59154.0 70.9848 177.462 1183.08 11.4891
CIR_JumpRouting_pf09_100_1000_ln01_00001_3_10000000000 13 10000.0 10000.0 1.0 24041.1678132611 94956.0 1.7981816E7 0.0 0.0 94956.0 1.7981816E7 94956.0 94956.0 113.9472 284.868 1899.12 9.4956
CIR_JumpMqtt_pf09_100_1000_ln01_00001_3_10000000000 15 10000.0 10000.0 1.0 10663.190068487 59444.0 1.1263496E7 0.0 0.0 59444.0 1.1263496E7 59444.0 59444.0 71.3328 178.332 1188.88 11.5886
CIR_JumpRouting_pf09_100_1000_ln01_00001_3_10000000000 14 10000.0 10000.0 1.0 24122.783621120998 95400.0 1.80644E7 0.0 0.0 95400.0 1.80644E7 95400.0 95400.0 114.48 286.2 1908.0 9.54
CIR_JumpMqtt_pf09_100_1000_ln01_00001_3_10000000000 16 10000.0 10000.0 1.0 11004.4431924394 58580.0 1.1103304E7 0.0 0.0 58580.0 1.1103304E7 58580.0 58580.0 70.296 175.74 1171.6 11.4606
CIR_JumpRouting_pf09_100_1000_ln01_00001_3_10000000000 15 10000.0 10000.0 1.0 23994.650394108503 95241.0 1.8034826E7 0.0 0.0 95241.0 1.8034826E7 95241.0 95241.0 114.2892 285.723 1904.82 9.5241
CIR_JumpRouting_pf09_100_1000_ln01_00001_3_10000000000 16 10000.0 10000.0 1.0 24204.1443920509 95140.0 1.801604E7 0.0 0.0 95140.0 1.801604E7 95140.0 95140.0 114.168 285.42 1902.8 9.514
CIR_JumpMqtt_pf09_100_1000_ln01_00001_3_10000000000 17 10000.0 10000.0 1.0 10469.7447706598 58876.0 1.1159896E7 0.0 0.0 58876.0 1.1159896E7 58876.0 58876.0 70.6512 176.628 1177.52 11.4786
CIR_JumpRouting_pf09_100_1000_ln01_00001_3_10000000000 17 10000.0 10000.0 1.0 24071.405246599603 95050.0 1.79993E7 0.0 0.0 95050.0 1.79993E7 95050.0 95050.0 114.06 285.15 1901.0 9.505
CIR_JumpMqtt_pf09_100_1000_ln01_00001_3_10000000000 18 10000.0 10000.0 1.0 10362.607363847601 59105.0 1.1202234E7 0.0 0.0 59105.0 1.1202234E7 59105.0 59105.0 70.926 177.315 1182.1 11.4935
CIR_JumpMqtt_pf09_100_1000_ln01_00001_3_10000000000 19 10000.0 10000.0 1.0 10226.319997423201 58671.0 1.112071E7 0.0 0.0 58671.0 1.112071E7 58671.0 58671.0 70.4052 176.013 1173.42 11.4818
CIR_JumpRouting_pf09_100_1000_ln01_00001_3_10000000000 19 10000.0 10000.0 1.0 23563.2228042341 94538.0 1.7904068E7 0.0 0.0 94538.0 1.7904068E7 94538.0 94538.0 113.4456 283.614 1890.76 9.4538
CIR_JumpRouting_pf09_100_1000_ln01_00001_3_10000000000 18 10000.0 10000.0 1.0 23867.1801358783 95364.0 1.8057704E7 0.0 0.0 95364.0 1.8057704E7 95364.0 95364.0 114.4368 286.092 1907.28 9.5364
CIR_JumpMqtt_pf09_100_1000_ln01_00001_3_10000000000 20 10000.0 10000.0 1.0 10298.5308155208 59035.0 1.1189022E7 0.0 0.0 59035.0 1.1189022E7 59035.0 59035.0 70.842 177.105 1180.7 11.5189
CIR_JumpRouting_pf09_100_1000_ln01_00001_3_10000000000 20 10000.0 10000.0 1.0 23927.2272109233 95300.0 1.80458E7 0.0 0.0 95300.0 1.80458E7 95300.0 95300.0 114.36 285.9 1906.0 9.53
CIR_JumpMqtt_pf09_100_1000_ln01_00001_3_10000000000 21 10000.0 10000.0 1.0 9934.923426554898 58722.0 1.1130004E7 0.0 0.0 58722.0 1.1130004E7 58722.0 58722.0 70.4664 176.166 1174.44 11.5378
CIR_JumpMqtt_pf09_100_1000_ln01_00001_3_10000000000 22 10000.0 10000.0 1.0 10544.9751212244 58525.0 1.1093138E7 0.0 0.0 58525.0 1.1093138E7 58525.0 58525.0 70.23 175.575 1170.5 11.4385
CIR_JumpRouting_pf09_100_1000_ln01_00001_3_10000000000 21 10000.0 10000.0 1.0 23814.826041779 95404.0 1.8065144E7 0.0 0.0 95404.0 1.8065144E7 95404.0 95404.0 114.4848 286.212 1908.08 9.5404
CIR_JumpRouting_pf09_100_1000_ln01_00001_3_10000000000 22 10000.0 10000.0 1.0 23943.8326599518 95096.0 1.8007856E7 0.0 0.0 95096.0 1.8007856E7 95096.0 95096.0 114.1152 285.288 1901.92 9.5096
CIR_JumpMqtt_pf09_100_1000_ln01_00001_3_10000000000 23 10000.0 10000.0 1.0 10822.6621176342 59351.0 1.1247318E7 0.0 0.0 59351.0 1.1247318E7 59351.0 59351.0 71.2212 178.053 1187.02 11.5605
CIR_JumpMqtt_pf09_100_1000_ln01_00001_3_10000000000 24 10000.0 10000.0 1.0 10870.4805194871 59220.0 1.1223048E7 0.0 0.0 59220.0 1.1223048E7 59220.0 59220.0 71.064 177.66 1184.4 11.5422
CIR_JumpRouting_pf09_100_1000_ln01_00001_3_10000000000 24 10000.0 10000.0 1.0 24118.020546811797 95265.0 1.803929E7 0.0 0.0 95265.0 1.803929E7 95265.0 95265.0 114.318 285.795 1905.3 9.5265
CIR_JumpRouting_pf09_100_1000_ln01_00001_3_10000000000 23 10000.0 10000.0 1.0 24353.535396153402 95474.0 1.8078164E7 0.0 0.0 95474.0 1.8078164E7 95474.0 95474.0 114.5688 286.422 1909.48 9.5474
CIR_JumpMqtt_pf09_100_1000_ln01_00001_3_10000000000 25 10000.0 10000.0 1.0 10690.2935319978 59303.0 1.123855E7 0.0 0.0 59303.0 1.123855E7 59303.0 59303.0 71.1636 177.909 1186.06 11.5515
CIR_JumpMqtt_pf09_100_1000_ln01_00001_3_10000000000 26 10000.0 10000.0 1.0 10081.0950728644 58916.0 1.1165928E7 0.0 0.0 58916.0 1.1165928E7 58916.0 58916.0 70.6992 176.748 1178.32 11.5141
CIR_JumpMqtt_pf09_100_1000_ln01_00001_3_10000000000 27 10000.0 10000.0 1.0 11201.1929022807 59682.0 1.1310356E7 0.0 0.0 59682.0 1.1310356E7 59682.0 59682.0 71.6184 179.046 1193.64 11.5298
CIR_JumpRouting_pf09_100_1000_ln01_00001_3_10000000000 25 10000.0 10000.0 1.0 23905.0419778744 95030.0 1.799558E7 0.0 0.0 95030.0 1.799558E7 95030.0 95030.0 114.036 285.09 1900.6 9.503
CIR_JumpRouting_pf09_100_1000_ln01_00001_3_10000000000 26 10000.0 10000.0 1.0 23819.713774048698 95028.0 1.7995208E7 0.0 0.0 95028.0 1.7995208E7 95028.0 95028.0 114.0336 285.084 1900.56 9.5028
CIR_JumpMqtt_pf09_100_1000_ln01_00001_3_10000000000 28 10000.0 10000.0 1.0 10686.7115254866 58539.0 1.1096126E7 0.0 0.0 58539.0 1.1096126E7 58539.0 58539.0 70.2468 175.617 1170.78 11.4411
CIR_JumpRouting_pf09_100_1000_ln01_00001_3_10000000000 27 10000.0 10000.0 1.0 24170.0237695446 95358.0 1.8056588E7 0.0 0.0 95358.0 1.8056588E7 95358.0 95358.0 114.4296 286.074 1907.16 9.5358
CIR_JumpRouting_pf09_100_1000_ln01_00001_3_10000000000 28 10000.0 10000.0 1.0 24147.3959543841 94888.0 1.7969168E7 0.0 0.0 94888.0 1.7969168E7 94888.0 94888.0 113.8656 284.664 1897.76 9.4888
CIR_JumpMqtt_pf09_100_1000_ln01_00001_3_10000000000 29 10000.0 10000.0 1.0 10271.764936806 59380.0 1.1253608E7 0.0 0.0 59380.0 1.1253608E7 59380.0 59380.0 71.256 178.14 1187.6 11.5245
CIR_JumpRouting_pf09_100_1000_ln01_00001_3_10000000000 29 10000.0 10000.0 1.0 23789.1535526381 94901.0 1.7971586E7 0.0 0.0 94901.0 1.7971586E7 94901.0 94901.0 113.8812 284.703 1898.02 9.4901
CIR_JumpMqtt_pf09_100_1000_ln01_00001_3_10000000000 30 10000.0 10000.0 1.0 9884.192895578199 58476.0 1.1083192E7 0.0 0.0 58476.0 1.1083192E7 58476.0 58476.0 70.1712 175.428 1169.52 11.4806
CIR_JumpRouting_pf09_100_1000_ln01_00001_3_10000000000 30 10000.0 10000.0 1.0 23773.5625042192 94976.0 1.7985536E7 0.0 0.0 94976.0 1.7985536E7 94976.0 94976.0 113.9712 284.928 1899.52 9.4976
