CIR_AMQTT_100_1000_ln01_00001_3_10000000000 10000.0 10000.0 1.0 1276.7060380864968 23106.866666666665 4714096.933333334 0.0 0.0 23106.866666666665 4714096.933333334 23106.866666666665 23106.866666666665 27.728240000000007 69.32060000000001 462.1373333333333 4.0
CIR_JumpMqtt_pf05_100_1000_ln01_00001_3_10000000000 10000.0 10000.0 1.0 2181.3197008677766 29367.166666666668 5670402.866666666 0.0 0.0 29367.166666666668 5670402.866666666 29367.166666666668 29367.166666666668 35.2406 88.10149999999999 587.3433333333335 6.948113333333334
CIR_JumpMqtt_pf06_100_1000_ln01_00001_3_10000000000 10000.0 10000.0 1.0 2799.635184154259 32442.1 6242340.466666667 0.0 0.0 32442.1 6242340.466666667 32442.1 32442.1 38.93052000000001 97.32629999999999 648.842 7.418230000000002
CIR_JumpMqtt_pf07_100_1000_ln01_00001_3_10000000000 10000.0 10000.0 1.0 3928.6086468262756 37232.933333333334 7133435.466666667 0.0 0.0 37232.933333333334 7133435.466666667 37232.933333333334 37232.933333333334 44.67952 111.69879999999999 744.6586666666666 8.155193333333335
CIR_JumpMqtt_pf08_100_1000_ln01_00001_3_10000000000 10000.0 10000.0 1.0 6009.144891209534 45149.066666666666 8605836.266666668 0.0 0.0 45149.066666666666 8605836.266666668 45149.066666666666 45149.066666666666 54.178880000000014 135.4472 902.9813333333334 9.370376666666665
CIR_JumpMqtt_pf09_100_1000_ln01_00001_3_10000000000 10000.0 10000.0 1.0 10529.34330940346 59045.4 11190554.266666668 0.0 0.0 59045.4 11190554.266666668 59045.4 59045.4 70.85448 177.1362 1180.9079999999997 11.507603333333332
CIR_JumpRouting_pf05_100_1000_ln01_00001_3_10000000000 10000.0 10000.0 1.0 10544.375064079697 49605.3 9546585.8 0.0 0.0 49605.3 9546585.8 49605.3 49605.3 59.52636 148.81589999999997 992.1060000000001 4.960530000000001
CIR_JumpRouting_pf06_100_1000_ln01_00001_3_10000000000 10000.0 10000.0 1.0 11770.27416547278 54376.666666666664 10434060.0 0.0 0.0 54376.666666666664 10434060.0 54376.666666666664 54376.666666666664 65.252 163.13 1087.5333333333335 5.437666666666668
CIR_JumpRouting_pf07_100_1000_ln01_00001_3_10000000000 10000.0 10000.0 1.0 13582.933216463492 61569.26666666667 11771883.6 0.0 0.0 61569.26666666667 11771883.6 61569.26666666667 61569.26666666667 73.88311999999999 184.70780000000005 1231.3853333333334 6.156926666666666
CIR_JumpRouting_pf08_100_1000_ln01_00001_3_10000000000 10000.0 10000.0 1.0 16899.052478601574 73877.9 14061289.4 0.0 0.0 73877.9 14061289.4 73877.9 73877.9 88.65347999999999 221.63369999999998 1477.5580000000002 7.38779
CIR_JumpRouting_pf09_100_1000_ln01_00001_3_10000000000 10000.0 10000.0 1.0 24014.308656454978 95221.36666666667 18031174.2 0.0 0.0 95221.36666666667 18031174.2 95221.36666666667 95221.36666666667 114.26564000000002 285.66409999999996 1904.4273333333333 9.522136666666666
CIR_Tor_100_1000_ln01_00001_3_10000000000 10000.0 10000.0 1.0 7957.8260730068305 40000.0 8080000.0 0.0 0.0 40000.0 8080000.0 40000.0 40000.0 48.0 120.0 800.0 4.0
