CIR_AMQTT_100_1000_ln01_00001_3_10000000000 10000.0 10000.0 1.0 1276.7060380864968 23106.866666666665 4714096.933333334 0.0 0.0 23106.866666666665 4714096.933333334 23106.866666666665 23106.866666666665 27.728240000000007 69.32060000000001 462.13733333333323
CIR_AMQTT_100_1000_ln01_00001_5_10000000000 10000.0 10000.0 1.0 4108.89285726886 36113.73333333333 8382033.333333333 0.0 0.0 36113.73333333333 8382033.333333333 36113.73333333333 36113.73333333333 43.33647999999999 108.34120000000003 722.2746666666666
CIR_AMQTT_100_1000_ln01_00001_7_10000000000 10000.0 10000.0 1.0 8827.97240206271 49120.6 12882409.2 0.0 0.0 49120.6 12882409.2 49120.6 49120.6 58.94472 147.36180000000002 982.4119999999998
CIR_JumpMqtt_pf05_100_1000_ln01_00001_3_10000000000 10000.0 10000.0 1.0 2181.3197008677766 29367.166666666668 5670402.866666666 0.0 0.0 29367.166666666668 5670402.866666666 29367.166666666668 29367.166666666668 35.2406 88.10149999999999 587.3433333333334
CIR_JumpMqtt_pf085_100_1000_ln01_00001_3_10000000000 10000.0 10000.0 1.0 7837.987897744192 51189.0 9729263.866666667 0.0 0.0 51189.0 9729263.866666667 51189.0 51189.0 61.4268 153.567 1023.78
CIR_JumpMqtt_pf1_100_1000_ln01_00001_3_10000000000 10000.0 10000.0 1.0 22113.75625741307 83935.83333333333 15820174.866666667 0.0 0.0 83935.83333333333 15820174.866666667 83935.83333333333 83935.83333333333 100.72300000000001 251.8075 1678.716666666667
CIR_JumpRouting_pf05_100_1000_ln01_00001_3_10000000000 10000.0 10000.0 1.0 10544.375064079699 49605.3 9546585.8 0.0 0.0 49605.3 9546585.8 49605.3 49605.3 59.52636 148.81589999999997 992.1060000000001
CIR_JumpRouting_pf085_100_1000_ln01_00001_3_10000000000 10000.0 10000.0 1.0 19757.33204000986 83209.83333333333 15797029.0 0.0 0.0 83209.83333333333 15797029.0 83209.83333333333 83209.83333333333 99.8518 249.62949999999995 1664.1966666666672
CIR_JumpRouting_pf1_100_1000_ln01_00001_3_10000000000 10000.0 10000.0 1.0 43157.00544006219 133631.46666666667 25175452.8 0.0 0.0 133631.46666666667 25175452.8 133631.46666666667 133631.46666666667 160.35776 400.8944000000001 2672.6293333333333
CIR_Tor_100_1000_ln01_00001_3_10000000000 10000.0 10000.0 1.0 7957.82607300683 40000.0 8080000.0 0.0 0.0 40000.0 8080000.0 40000.0 40000.0 48.0 120.0 800.0
CIR_Tor_100_1000_ln01_00001_5_10000000000 10000.0 10000.0 1.0 15239.708109886578 60000.0 13720000.0 0.0 0.0 60000.0 13720000.0 60000.0 60000.0 72.0 180.0 1200.0
CIR_Tor_100_1000_ln01_00001_7_10000000000 10000.0 10000.0 1.0 23107.838247518976 80000.0 20640000.0 0.0 0.0 80000.0 20640000.0 80000.0 80000.0 96.0 240.0 1600.0
INTVL_AMQTT_100_1000_ln01_00001_3_10000000000 100000.0 100000.0 1.0 1304.6613408823275 231068.66666666666 47140969.333333336 0.0 0.0 231068.66666666666 47140969.333333336 231068.66666666666 231068.66666666666 27.728240000000007 69.32060000000001 4621.373333333334
INTVL_AMQTT_100_1000_ln01_00001_3_20000000000 100000.0 100000.0 1.0 1006.2121702134955 231068.66666666666 47140969.333333336 0.0 0.0 231068.66666666666 47140969.333333336 231068.66666666666 231068.66666666666 27.728240000000007 69.32060000000001 4621.373333333334
INTVL_AMQTT_100_1000_ln01_00001_3_30000000000 100000.0 100000.0 1.0 956.8349506489823 231068.66666666666 47140969.333333336 0.0 0.0 231068.66666666666 47140969.333333336 231068.66666666666 231068.66666666666 27.728240000000007 69.32060000000001 4621.373333333334
INTVL_AMQTT_100_1000_ln01_00001_3_40000000000 100000.0 100000.0 1.0 936.5839586327686 231068.66666666666 47140969.333333336 0.0 0.0 231068.66666666666 47140969.333333336 231068.66666666666 231068.66666666666 27.728240000000007 69.32060000000001 4621.373333333334
INTVL_AMQTT_100_1000_ln01_00001_3_50000000000 100000.0 100000.0 1.0 924.4523848120759 231068.66666666666 47140969.333333336 0.0 0.0 231068.66666666666 47140969.333333336 231068.66666666666 231068.66666666666 27.728240000000007 69.32060000000001 4621.373333333334
INTVL_AMQTT_100_1000_ln01_00001_3_60000000000 100000.0 100000.0 1.0 918.2293813746389 231068.66666666666 47140969.333333336 0.0 0.0 231068.66666666666 47140969.333333336 231068.66666666666 231068.66666666666 27.728240000000007 69.32060000000001 4621.373333333334
INTVL_JumpMqtt_pf05_100_1000_ln01_00001_3_10000000000 100000.0 100000.0 1.0 2863.9652823485985 293448.9 56662594.06666667 0.0 0.0 293448.9 56662594.06666667 293448.9 293448.9 35.21386800000001 88.03467 5868.978
INTVL_JumpMqtt_pf05_100_1000_ln01_00001_3_20000000000 100000.0 100000.0 1.0 1286.2543333971544 293327.2 56639957.86666667 0.0 0.0 293327.2 56639957.86666667 293327.2 293327.2 35.19926399999999 87.99816 5866.543999999999
INTVL_JumpMqtt_pf05_100_1000_ln01_00001_3_30000000000 100000.0 100000.0 1.0 1165.7554191345157 293498.5333333333 56671825.86666667 0.0 0.0 293498.5333333333 56671825.86666667 293498.5333333333 293498.5333333333 35.219824 88.04955999999999 5869.970666666666
INTVL_JumpMqtt_pf05_100_1000_ln01_00001_3_40000000000 100000.0 100000.0 1.0 1123.236168543918 293520.8333333333 56675973.666666664 0.0 0.0 293520.8333333333 56675973.666666664 293520.8333333333 293520.8333333333 35.22249999999999 88.05625000000003 5870.416666666668
INTVL_JumpMqtt_pf05_100_1000_ln01_00001_3_50000000000 100000.0 100000.0 1.0 1098.60911255998 293414.0333333333 56656108.86666667 0.0 0.0 293414.0333333333 56656108.86666667 293414.0333333333 293414.0333333333 35.209684 88.02421 5868.280666666668
INTVL_JumpMqtt_pf05_100_1000_ln01_00001_3_60000000000 100000.0 100000.0 1.0 1086.4235808987364 293541.63333333336 56679842.46666667 0.0 0.0 293541.63333333336 56679842.46666667 293541.63333333336 293541.63333333336 35.224996000000004 88.06249 5870.832666666666
INTVL_JumpRouting_pf05_100_1000_ln01_00001_3_10000000000 100000.0 99966.53333333334 0.9996653333333333 60980.5854174027 495816.13333333336 95421098.93333334 0.0 0.0 495816.13333333336 95421098.93333334 495816.13333333336 495795.63333333336 59.51786421764417 148.78850072397657 9916.117666666665
INTVL_JumpRouting_pf05_100_1000_ln01_00001_3_20000000000 100000.0 100000.0 1.0 9242.355483071202 495853.2 95428695.2 0.0 0.0 495853.2 95428695.2 495853.2 495853.2 59.502384 148.75596 9917.064
INTVL_JumpRouting_pf05_100_1000_ln01_00001_3_30000000000 100000.0 100000.0 1.0 6222.114686065248 495770.4 95413294.4 0.0 0.0 495770.4 95413294.4 495770.4 495770.4 59.492448 148.73112000000003 9915.408
INTVL_JumpRouting_pf05_100_1000_ln01_00001_3_40000000000 100000.0 100000.0 1.0 5334.983897965318 495839.76666666666 95426196.6 0.0 0.0 495839.76666666666 95426196.6 495839.76666666666 495839.76666666666 59.500772 148.75193 9916.795333333333
INTVL_JumpRouting_pf05_100_1000_ln01_00001_3_50000000000 100000.0 100000.0 1.0 4913.204586729962 495842.76666666666 95426754.6 0.0 0.0 495842.76666666666 95426754.6 495842.76666666666 495842.76666666666 59.501131999999984 148.75283 9916.855333333333
INTVL_JumpRouting_pf05_100_1000_ln01_00001_3_60000000000 100000.0 100000.0 1.0 4683.009285762197 495951.0 95446886.0 0.0 0.0 495951.0 95446886.0 495951.0 495951.0 59.514120000000005 148.78529999999998 9919.019999999999
INTVL_Tor_100_1000_ln01_00001_3_10000000000 100000.0 100000.0 1.0 30488.102870510735 400000.0 80800000.0 0.0 0.0 400000.0 80800000.0 400000.0 400000.0 48.0 120.0 8000.0
INTVL_Tor_100_1000_ln01_00001_3_20000000000 100000.0 100000.0 1.0 6063.648652549266 400000.0 80800000.0 0.0 0.0 400000.0 80800000.0 400000.0 400000.0 48.0 120.0 8000.0
INTVL_Tor_100_1000_ln01_00001_3_30000000000 100000.0 100000.0 1.0 4954.393539736075 400000.0 80800000.0 0.0 0.0 400000.0 80800000.0 400000.0 400000.0 48.0 120.0 8000.0
INTVL_Tor_100_1000_ln01_00001_3_40000000000 100000.0 100000.0 1.0 4523.915328477278 400000.0 80800000.0 0.0 0.0 400000.0 80800000.0 400000.0 400000.0 48.0 120.0 8000.0
INTVL_Tor_100_1000_ln01_00001_3_50000000000 100000.0 100000.0 1.0 4301.467304054338 400000.0 80800000.0 0.0 0.0 400000.0 80800000.0 400000.0 400000.0 48.0 120.0 8000.0
INTVL_Tor_100_1000_ln01_00001_3_60000000000 100000.0 100000.0 1.0 4172.178436968487 400000.0 80800000.0 0.0 0.0 400000.0 80800000.0 400000.0 400000.0 48.0 120.0 8000.0
