CIR_PlainMQTT_100_1000_ln01_00001_3_10000000000 2 10000.0 10000.0 1.0 824.5762987000503 16520.0 3072720.0 0.0 0.0 16520.0 3072720.0 16520.0 16520.0 19.824 49.56 330.4
CIR_PlainMQTT_100_1000_ln01_00001_3_10000000000 4 10000.0 10000.0 1.0 826.7185831284478 16544.0 3077184.0 0.0 0.0 16544.0 3077184.0 16544.0 16544.0 19.8528 49.632 330.88
CIR_PlainMQTT_100_1000_ln01_00001_3_10000000000 3 10000.0 10000.0 1.0 842.3104296622016 16549.0 3078114.0 0.0 0.0 16549.0 3078114.0 16549.0 16549.0 19.8588 49.647 330.98
CIR_PlainMQTT_100_1000_ln01_00001_3_10000000000 1 10000.0 10000.0 1.0 820.6909273145932 16548.0 3077928.0 0.0 0.0 16548.0 3077928.0 16548.0 16548.0 19.8576 49.644 330.96
CIR_Tor_100_1000_ln01_00001_3_10000000000 1 10000.0 10000.0 1.0 7909.853003351301 40000.0 8080000.0 0.0 0.0 40000.0 8080000.0 40000.0 40000.0 48.0 120.0 800.0
CIR_Tor_100_1000_ln01_00001_3_10000000000 2 10000.0 10000.0 1.0 7784.070623126 40000.0 8080000.0 0.0 0.0 40000.0 8080000.0 40000.0 40000.0 48.0 120.0 800.0
CIR_Tor_100_1000_ln01_00001_3_10000000000 4 10000.0 10000.0 1.0 7745.7764217526 40000.0 8080000.0 0.0 0.0 40000.0 8080000.0 40000.0 40000.0 48.0 120.0 800.0
CIR_Tor_100_1000_ln01_00001_3_10000000000 3 10000.0 10000.0 1.0 7915.1982707626 40000.0 8080000.0 0.0 0.0 40000.0 8080000.0 40000.0 40000.0 48.0 120.0 800.0
CIR_PlainMQTT_100_1000_ln01_00001_3_10000000000 6 10000.0 10000.0 1.0 830.7475301188896 16507.0 3070302.0 0.0 0.0 16507.0 3070302.0 16507.0 16507.0 19.8084 49.521 330.14
CIR_PlainMQTT_100_1000_ln01_00001_3_10000000000 5 10000.0 10000.0 1.0 814.4535961270897 16458.0 3061188.0 0.0 0.0 16458.0 3061188.0 16458.0 16458.0 19.7496 49.374 329.16
CIR_PlainMQTT_100_1000_ln01_00001_3_10000000000 7 10000.0 10000.0 1.0 849.6594498883074 16580.0 3083880.0 0.0 0.0 16580.0 3083880.0 16580.0 16580.0 19.896 49.74 331.6
CIR_Tor_100_1000_ln01_00001_3_10000000000 5 10000.0 10000.0 1.0 7930.1433730456 40000.0 8080000.0 0.0 0.0 40000.0 8080000.0 40000.0 40000.0 48.0 120.0 800.0
CIR_PlainMQTT_100_1000_ln01_00001_3_10000000000 8 10000.0 10000.0 1.0 862.8319939592063 16539.0 3076254.0 0.0 0.0 16539.0 3076254.0 16539.0 16539.0 19.8468 49.617 330.78
CIR_Tor_100_1000_ln01_00001_3_10000000000 6 10000.0 10000.0 1.0 8084.6613202053 40000.0 8080000.0 0.0 0.0 40000.0 8080000.0 40000.0 40000.0 48.0 120.0 800.0
CIR_Tor_100_1000_ln01_00001_3_10000000000 7 10000.0 10000.0 1.0 8242.2789796928 40000.0 8080000.0 0.0 0.0 40000.0 8080000.0 40000.0 40000.0 48.0 120.0 800.0
CIR_Tor_100_1000_ln01_00001_3_10000000000 8 10000.0 10000.0 1.0 7960.3766340429 40000.0 8080000.0 0.0 0.0 40000.0 8080000.0 40000.0 40000.0 48.0 120.0 800.0
CIR_PlainMQTT_100_1000_ln01_00001_3_10000000000 9 10000.0 10000.0 1.0 835.931796544449 16551.0 3078486.0 0.0 0.0 16551.0 3078486.0 16551.0 16551.0 19.8612 49.653 331.02
CIR_PlainMQTT_100_1000_ln01_00001_3_10000000000 10 10000.0 10000.0 1.0 825.7306312108228 16564.0 3080904.0 0.0 0.0 16564.0 3080904.0 16564.0 16564.0 19.8768 49.692 331.28
CIR_Tor_100_1000_ln01_00001_3_10000000000 9 10000.0 10000.0 1.0 8068.6442640035 40000.0 8080000.0 0.0 0.0 40000.0 8080000.0 40000.0 40000.0 48.0 120.0 800.0
CIR_PlainMQTT_100_1000_ln01_00001_3_10000000000 12 10000.0 10000.0 1.0 856.415735947575 16605.0 3088530.0 0.0 0.0 16605.0 3088530.0 16605.0 16605.0 19.926 49.815 332.1
CIR_PlainMQTT_100_1000_ln01_00001_3_10000000000 11 10000.0 10000.0 1.0 828.2970647896801 16544.0 3077184.0 0.0 0.0 16544.0 3077184.0 16544.0 16544.0 19.8528 49.632 330.88
CIR_Tor_100_1000_ln01_00001_3_10000000000 11 10000.0 10000.0 1.0 7652.181756567999 40000.0 8080000.0 0.0 0.0 40000.0 8080000.0 40000.0 40000.0 48.0 120.0 800.0
CIR_Tor_100_1000_ln01_00001_3_10000000000 10 10000.0 10000.0 1.0 7691.1027452725 40000.0 8080000.0 0.0 0.0 40000.0 8080000.0 40000.0 40000.0 48.0 120.0 800.0
CIR_Tor_100_1000_ln01_00001_3_10000000000 12 10000.0 10000.0 1.0 8404.5471589391 40000.0 8080000.0 0.0 0.0 40000.0 8080000.0 40000.0 40000.0 48.0 120.0 800.0
CIR_PlainMQTT_100_1000_ln01_00001_3_10000000000 13 10000.0 10000.0 1.0 843.2524295597908 16529.0 3074394.0 0.0 0.0 16529.0 3074394.0 16529.0 16529.0 19.8348 49.587 330.58
CIR_Tor_100_1000_ln01_00001_3_10000000000 13 10000.0 10000.0 1.0 8107.6859490774 40000.0 8080000.0 0.0 0.0 40000.0 8080000.0 40000.0 40000.0 48.0 120.0 800.0
CIR_PlainMQTT_100_1000_ln01_00001_3_10000000000 14 10000.0 10000.0 1.0 835.8554497285901 16575.0 3082950.0 0.0 0.0 16575.0 3082950.0 16575.0 16575.0 19.89 49.725 331.5
CIR_PlainMQTT_100_1000_ln01_00001_3_10000000000 15 10000.0 10000.0 1.0 826.925558128396 16504.0 3069744.0 0.0 0.0 16504.0 3069744.0 16504.0 16504.0 19.8048 49.512 330.08
CIR_Tor_100_1000_ln01_00001_3_10000000000 14 10000.0 10000.0 1.0 8000.4723166246995 40000.0 8080000.0 0.0 0.0 40000.0 8080000.0 40000.0 40000.0 48.0 120.0 800.0
CIR_PlainMQTT_100_1000_ln01_00001_3_10000000000 16 10000.0 10000.0 1.0 835.0405876859039 16528.0 3074208.0 0.0 0.0 16528.0 3074208.0 16528.0 16528.0 19.8336 49.584 330.56
CIR_Tor_100_1000_ln01_00001_3_10000000000 15 10000.0 10000.0 1.0 7907.9252265472005 40000.0 8080000.0 0.0 0.0 40000.0 8080000.0 40000.0 40000.0 48.0 120.0 800.0
CIR_Tor_100_1000_ln01_00001_3_10000000000 16 10000.0 10000.0 1.0 8074.424515633001 40000.0 8080000.0 0.0 0.0 40000.0 8080000.0 40000.0 40000.0 48.0 120.0 800.0
CIR_PlainMQTT_100_1000_ln01_00001_3_10000000000 17 10000.0 10000.0 1.0 838.716799052393 16555.0 3079230.0 0.0 0.0 16555.0 3079230.0 16555.0 16555.0 19.866 49.665 331.1
CIR_Tor_100_1000_ln01_00001_3_10000000000 17 10000.0 10000.0 1.0 7986.8891273695 40000.0 8080000.0 0.0 0.0 40000.0 8080000.0 40000.0 40000.0 48.0 120.0 800.0
CIR_PlainMQTT_100_1000_ln01_00001_3_10000000000 18 10000.0 10000.0 1.0 838.1611543851419 16556.0 3079416.0 0.0 0.0 16556.0 3079416.0 16556.0 16556.0 19.8672 49.668 331.12
CIR_PlainMQTT_100_1000_ln01_00001_3_10000000000 19 10000.0 10000.0 1.0 817.3956656306143 16527.0 3074022.0 0.0 0.0 16527.0 3074022.0 16527.0 16527.0 19.8324 49.581 330.54
CIR_PlainMQTT_100_1000_ln01_00001_3_10000000000 20 10000.0 10000.0 1.0 842.5997191922805 16539.0 3076254.0 0.0 0.0 16539.0 3076254.0 16539.0 16539.0 19.8468 49.617 330.78
CIR_Tor_100_1000_ln01_00001_3_10000000000 19 10000.0 10000.0 1.0 7747.7641413213 40000.0 8080000.0 0.0 0.0 40000.0 8080000.0 40000.0 40000.0 48.0 120.0 800.0
CIR_Tor_100_1000_ln01_00001_3_10000000000 18 10000.0 10000.0 1.0 7662.9800289703 40000.0 8080000.0 0.0 0.0 40000.0 8080000.0 40000.0 40000.0 48.0 120.0 800.0
CIR_Tor_100_1000_ln01_00001_3_10000000000 20 10000.0 10000.0 1.0 8085.242861805899 40000.0 8080000.0 0.0 0.0 40000.0 8080000.0 40000.0 40000.0 48.0 120.0 800.0
CIR_PlainMQTT_100_1000_ln01_00001_3_10000000000 21 10000.0 10000.0 1.0 817.2627132001812 16522.0 3073092.0 0.0 0.0 16522.0 3073092.0 16522.0 16522.0 19.8264 49.566 330.44
CIR_Tor_100_1000_ln01_00001_3_10000000000 21 10000.0 10000.0 1.0 7569.231427481 40000.0 8080000.0 0.0 0.0 40000.0 8080000.0 40000.0 40000.0 48.0 120.0 800.0
CIR_PlainMQTT_100_1000_ln01_00001_3_10000000000 22 10000.0 10000.0 1.0 825.9032949081767 16527.0 3074022.0 0.0 0.0 16527.0 3074022.0 16527.0 16527.0 19.8324 49.581 330.54
CIR_Tor_100_1000_ln01_00001_3_10000000000 22 10000.0 10000.0 1.0 7971.966584696101 40000.0 8080000.0 0.0 0.0 40000.0 8080000.0 40000.0 40000.0 48.0 120.0 800.0
CIR_PlainMQTT_100_1000_ln01_00001_3_10000000000 23 10000.0 10000.0 1.0 838.4670023719175 16536.0 3075696.0 0.0 0.0 16536.0 3075696.0 16536.0 16536.0 19.8432 49.608 330.72
CIR_Tor_100_1000_ln01_00001_3_10000000000 23 10000.0 10000.0 1.0 8332.1431274611 40000.0 8080000.0 0.0 0.0 40000.0 8080000.0 40000.0 40000.0 48.0 120.0 800.0
CIR_PlainMQTT_100_1000_ln01_00001_3_10000000000 24 10000.0 10000.0 1.0 839.0440333658144 16538.0 3076068.0 0.0 0.0 16538.0 3076068.0 16538.0 16538.0 19.8456 49.614 330.76
CIR_Tor_100_1000_ln01_00001_3_10000000000 24 10000.0 10000.0 1.0 8053.0777975575 40000.0 8080000.0 0.0 0.0 40000.0 8080000.0 40000.0 40000.0 48.0 120.0 800.0
CIR_PlainMQTT_100_1000_ln01_00001_3_10000000000 25 10000.0 10000.0 1.0 841.8509687293135 16540.0 3076440.0 0.0 0.0 16540.0 3076440.0 16540.0 16540.0 19.848 49.62 330.8
CIR_PlainMQTT_100_1000_ln01_00001_3_10000000000 26 10000.0 10000.0 1.0 829.2276243710894 16527.0 3074022.0 0.0 0.0 16527.0 3074022.0 16527.0 16527.0 19.8324 49.581 330.54
CIR_Tor_100_1000_ln01_00001_3_10000000000 25 10000.0 10000.0 1.0 7814.6365062954 40000.0 8080000.0 0.0 0.0 40000.0 8080000.0 40000.0 40000.0 48.0 120.0 800.0
CIR_PlainMQTT_100_1000_ln01_00001_3_10000000000 27 10000.0 10000.0 1.0 845.2653438866747 16583.0 3084438.0 0.0 0.0 16583.0 3084438.0 16583.0 16583.0 19.8996 49.749 331.66
CIR_Tor_100_1000_ln01_00001_3_10000000000 26 10000.0 10000.0 1.0 8023.1279000836 40000.0 8080000.0 0.0 0.0 40000.0 8080000.0 40000.0 40000.0 48.0 120.0 800.0
CIR_PlainMQTT_100_1000_ln01_00001_3_10000000000 28 10000.0 10000.0 1.0 832.0161550990837 16527.0 3074022.0 0.0 0.0 16527.0 3074022.0 16527.0 16527.0 19.8324 49.581 330.54
CIR_Tor_100_1000_ln01_00001_3_10000000000 27 10000.0 10000.0 1.0 7966.330154712599 40000.0 8080000.0 0.0 0.0 40000.0 8080000.0 40000.0 40000.0 48.0 120.0 800.0
CIR_Tor_100_1000_ln01_00001_3_10000000000 28 10000.0 10000.0 1.0 8158.072218548999 40000.0 8080000.0 0.0 0.0 40000.0 8080000.0 40000.0 40000.0 48.0 120.0 800.0
CIR_PlainMQTT_100_1000_ln01_00001_3_10000000000 29 10000.0 10000.0 1.0 848.4285670071515 16557.0 3079602.0 0.0 0.0 16557.0 3079602.0 16557.0 16557.0 19.8684 49.671 331.14
CIR_PlainMQTT_100_1000_ln01_00001_3_10000000000 30 10000.0 10000.0 1.0 828.2169359007042 16498.0 3068628.0 0.0 0.0 16498.0 3068628.0 16498.0 16498.0 19.7976 49.494 329.96
CIR_Tor_100_1000_ln01_00001_3_10000000000 29 10000.0 10000.0 1.0 8020.137830508001 40000.0 8080000.0 0.0 0.0 40000.0 8080000.0 40000.0 40000.0 48.0 120.0 800.0
CIR_PlainMQTT_100_1000_ln01_00001_3_10000000000 31 10000.0 10000.0 1.0 828.5322312628024 16516.0 3071976.0 0.0 0.0 16516.0 3071976.0 16516.0 16516.0 19.8192 49.548 330.32
CIR_Tor_100_1000_ln01_00001_3_10000000000 30 10000.0 10000.0 1.0 7863.8399247491 40000.0 8080000.0 0.0 0.0 40000.0 8080000.0 40000.0 40000.0 48.0 120.0 800.0
CIR_PlainMQTT_100_1000_ln01_00001_3_10000000000 32 10000.0 10000.0 1.0 828.239258283127 16620.0 3091320.0 0.0 0.0 16620.0 3091320.0 16620.0 16620.0 19.944 49.86 332.4
CIR_Tor_100_1000_ln01_00001_3_10000000000 31 10000.0 10000.0 1.0 7745.6702686413 40000.0 8080000.0 0.0 0.0 40000.0 8080000.0 40000.0 40000.0 48.0 120.0 800.0
CIR_PlainMQTT_100_1000_ln01_00001_3_10000000000 33 10000.0 10000.0 1.0 834.9749932243479 16545.0 3077370.0 0.0 0.0 16545.0 3077370.0 16545.0 16545.0 19.854 49.635 330.9
CIR_Tor_100_1000_ln01_00001_3_10000000000 32 10000.0 10000.0 1.0 7615.3327701069 40000.0 8080000.0 0.0 0.0 40000.0 8080000.0 40000.0 40000.0 48.0 120.0 800.0
CIR_Tor_100_1000_ln01_00001_3_10000000000 33 10000.0 10000.0 1.0 7655.171248765199 40000.0 8080000.0 0.0 0.0 40000.0 8080000.0 40000.0 40000.0 48.0 120.0 800.0
CIR_PlainMQTT_100_1000_ln01_00001_3_10000000000 34 10000.0 10000.0 1.0 828.5569940959525 16557.0 3079602.0 0.0 0.0 16557.0 3079602.0 16557.0 16557.0 19.8684 49.671 331.14
CIR_PlainMQTT_100_1000_ln01_00001_3_10000000000 35 10000.0 10000.0 1.0 826.7292482515344 16595.0 3086670.0 0.0 0.0 16595.0 3086670.0 16595.0 16595.0 19.914 49.785 331.9
CIR_PlainMQTT_100_1000_ln01_00001_3_10000000000 36 10000.0 10000.0 1.0 858.706248240374 16600.0 3087600.0 0.0 0.0 16600.0 3087600.0 16600.0 16600.0 19.92 49.8 332.0
CIR_Tor_100_1000_ln01_00001_3_10000000000 34 10000.0 10000.0 1.0 7490.384200556699 40000.0 8080000.0 0.0 0.0 40000.0 8080000.0 40000.0 40000.0 48.0 120.0 800.0
CIR_Tor_100_1000_ln01_00001_3_10000000000 35 10000.0 10000.0 1.0 7585.8606753063 40000.0 8080000.0 0.0 0.0 40000.0 8080000.0 40000.0 40000.0 48.0 120.0 800.0
CIR_PlainMQTT_100_1000_ln01_00001_3_10000000000 37 10000.0 10000.0 1.0 827.4474075775158 16508.0 3070488.0 0.0 0.0 16508.0 3070488.0 16508.0 16508.0 19.8096 49.524 330.16
CIR_Tor_100_1000_ln01_00001_3_10000000000 36 10000.0 10000.0 1.0 7470.1433120022 40000.0 8080000.0 0.0 0.0 40000.0 8080000.0 40000.0 40000.0 48.0 120.0 800.0
CIR_PlainMQTT_100_1000_ln01_00001_3_10000000000 38 10000.0 10000.0 1.0 852.4512534808583 16562.0 3080532.0 0.0 0.0 16562.0 3080532.0 16562.0 16562.0 19.8744 49.686 331.24
CIR_Tor_100_1000_ln01_00001_3_10000000000 37 10000.0 10000.0 1.0 7681.1418389559 40000.0 8080000.0 0.0 0.0 40000.0 8080000.0 40000.0 40000.0 48.0 120.0 800.0
CIR_PlainMQTT_100_1000_ln01_00001_3_10000000000 39 10000.0 10000.0 1.0 822.6160467055035 16548.0 3077928.0 0.0 0.0 16548.0 3077928.0 16548.0 16548.0 19.8576 49.644 330.96
CIR_Tor_100_1000_ln01_00001_3_10000000000 38 10000.0 10000.0 1.0 7728.9198690835 40000.0 8080000.0 0.0 0.0 40000.0 8080000.0 40000.0 40000.0 48.0 120.0 800.0
CIR_PlainMQTT_100_1000_ln01_00001_3_10000000000 40 10000.0 10000.0 1.0 848.1162147209864 16584.0 3084624.0 0.0 0.0 16584.0 3084624.0 16584.0 16584.0 19.9008 49.752 331.68
CIR_PlainMQTT_100_1000_ln01_00001_3_10000000000 41 10000.0 10000.0 1.0 840.0004150060405 16544.0 3077184.0 0.0 0.0 16544.0 3077184.0 16544.0 16544.0 19.8528 49.632 330.88
CIR_Tor_100_1000_ln01_00001_3_10000000000 39 10000.0 10000.0 1.0 7887.1724892218 40000.0 8080000.0 0.0 0.0 40000.0 8080000.0 40000.0 40000.0 48.0 120.0 800.0
CIR_Tor_100_1000_ln01_00001_3_10000000000 40 10000.0 10000.0 1.0 8183.441989814901 40000.0 8080000.0 0.0 0.0 40000.0 8080000.0 40000.0 40000.0 48.0 120.0 800.0
CIR_Tor_100_1000_ln01_00001_3_10000000000 41 10000.0 10000.0 1.0 8277.3694281691 40000.0 8080000.0 0.0 0.0 40000.0 8080000.0 40000.0 40000.0 48.0 120.0 800.0
CIR_PlainMQTT_100_1000_ln01_00001_3_10000000000 42 10000.0 10000.0 1.0 832.06911848833 16566.0 3081276.0 0.0 0.0 16566.0 3081276.0 16566.0 16566.0 19.8792 49.698 331.32
CIR_PlainMQTT_100_1000_ln01_00001_3_10000000000 43 10000.0 10000.0 1.0 826.9698166349733 16543.0 3076998.0 0.0 0.0 16543.0 3076998.0 16543.0 16543.0 19.8516 49.629 330.86
CIR_PlainMQTT_100_1000_ln01_00001_3_10000000000 44 10000.0 10000.0 1.0 830.106305810838 16497.0 3068442.0 0.0 0.0 16497.0 3068442.0 16497.0 16497.0 19.7964 49.491 329.94
CIR_Tor_100_1000_ln01_00001_3_10000000000 42 10000.0 10000.0 1.0 7626.470409678001 40000.0 8080000.0 0.0 0.0 40000.0 8080000.0 40000.0 40000.0 48.0 120.0 800.0
CIR_Tor_100_1000_ln01_00001_3_10000000000 43 10000.0 10000.0 1.0 7945.2618108229 40000.0 8080000.0 0.0 0.0 40000.0 8080000.0 40000.0 40000.0 48.0 120.0 800.0
CIR_PlainMQTT_100_1000_ln01_00001_3_10000000000 45 10000.0 10000.0 1.0 827.306475240556 16555.0 3079230.0 0.0 0.0 16555.0 3079230.0 16555.0 16555.0 19.866 49.665 331.1
CIR_Tor_100_1000_ln01_00001_3_10000000000 44 10000.0 10000.0 1.0 8189.4634482603 40000.0 8080000.0 0.0 0.0 40000.0 8080000.0 40000.0 40000.0 48.0 120.0 800.0
CIR_PlainMQTT_100_1000_ln01_00001_3_10000000000 46 10000.0 10000.0 1.0 830.4937700565449 16556.0 3079416.0 0.0 0.0 16556.0 3079416.0 16556.0 16556.0 19.8672 49.668 331.12
CIR_Tor_100_1000_ln01_00001_3_10000000000 45 10000.0 10000.0 1.0 7796.0933870547 40000.0 8080000.0 0.0 0.0 40000.0 8080000.0 40000.0 40000.0 48.0 120.0 800.0
CIR_PlainMQTT_100_1000_ln01_00001_3_10000000000 47 10000.0 10000.0 1.0 842.7175836602919 16522.0 3073092.0 0.0 0.0 16522.0 3073092.0 16522.0 16522.0 19.8264 49.566 330.44
CIR_Tor_100_1000_ln01_00001_3_10000000000 46 10000.0 10000.0 1.0 7608.7080089678 40000.0 8080000.0 0.0 0.0 40000.0 8080000.0 40000.0 40000.0 48.0 120.0 800.0
CIR_PlainMQTT_100_1000_ln01_00001_3_10000000000 48 10000.0 10000.0 1.0 840.4926435460129 16541.0 3076626.0 0.0 0.0 16541.0 3076626.0 16541.0 16541.0 19.8492 49.623 330.82
CIR_Tor_100_1000_ln01_00001_3_10000000000 47 10000.0 10000.0 1.0 7389.193708215201 40000.0 8080000.0 0.0 0.0 40000.0 8080000.0 40000.0 40000.0 48.0 120.0 800.0
CIR_PlainMQTT_100_1000_ln01_00001_3_10000000000 49 10000.0 10000.0 1.0 843.0493488880612 16530.0 3074580.0 0.0 0.0 16530.0 3074580.0 16530.0 16530.0 19.836 49.59 330.6
CIR_Tor_100_1000_ln01_00001_3_10000000000 48 10000.0 10000.0 1.0 7591.5171375522 40000.0 8080000.0 0.0 0.0 40000.0 8080000.0 40000.0 40000.0 48.0 120.0 800.0
CIR_Tor_100_1000_ln01_00001_3_10000000000 49 10000.0 10000.0 1.0 8226.8110073473 40000.0 8080000.0 0.0 0.0 40000.0 8080000.0 40000.0 40000.0 48.0 120.0 800.0
CIR_PlainMQTT_100_1000_ln01_00001_3_10000000000 50 10000.0 10000.0 1.0 838.4877291179193 16622.0 3091692.0 0.0 0.0 16622.0 3091692.0 16622.0 16622.0 19.9464 49.866 332.44
CIR_PlainMQTT_100_1000_ln01_00001_3_10000000000 51 10000.0 10000.0 1.0 821.2794282484141 16530.0 3074580.0 0.0 0.0 16530.0 3074580.0 16530.0 16530.0 19.836 49.59 330.6
CIR_PlainMQTT_100_1000_ln01_00001_3_10000000000 52 10000.0 10000.0 1.0 820.4090394602679 16510.0 3070860.0 0.0 0.0 16510.0 3070860.0 16510.0 16510.0 19.812 49.53 330.2
CIR_Tor_100_1000_ln01_00001_3_10000000000 50 10000.0 10000.0 1.0 7872.017930514 40000.0 8080000.0 0.0 0.0 40000.0 8080000.0 40000.0 40000.0 48.0 120.0 800.0
CIR_Tor_100_1000_ln01_00001_3_10000000000 51 10000.0 10000.0 1.0 7951.5106218108995 40000.0 8080000.0 0.0 0.0 40000.0 8080000.0 40000.0 40000.0 48.0 120.0 800.0
CIR_PlainMQTT_100_1000_ln01_00001_3_10000000000 53 10000.0 10000.0 1.0 860.7663324363618 16598.0 3087228.0 0.0 0.0 16598.0 3087228.0 16598.0 16598.0 19.9176 49.794 331.96
CIR_Tor_100_1000_ln01_00001_3_10000000000 52 10000.0 10000.0 1.0 7832.3024463975 40000.0 8080000.0 0.0 0.0 40000.0 8080000.0 40000.0 40000.0 48.0 120.0 800.0
CIR_Tor_100_1000_ln01_00001_3_10000000000 53 10000.0 10000.0 1.0 7714.3720326377 40000.0 8080000.0 0.0 0.0 40000.0 8080000.0 40000.0 40000.0 48.0 120.0 800.0
CIR_PlainMQTT_100_1000_ln01_00001_3_10000000000 54 10000.0 10000.0 1.0 822.3314674897795 16555.0 3079230.0 0.0 0.0 16555.0 3079230.0 16555.0 16555.0 19.866 49.665 331.1
CIR_Tor_100_1000_ln01_00001_3_10000000000 54 10000.0 10000.0 1.0 7735.364903421199 40000.0 8080000.0 0.0 0.0 40000.0 8080000.0 40000.0 40000.0 48.0 120.0 800.0
CIR_PlainMQTT_100_1000_ln01_00001_3_10000000000 55 10000.0 10000.0 1.0 823.0236875418719 16537.0 3075882.0 0.0 0.0 16537.0 3075882.0 16537.0 16537.0 19.8444 49.611 330.74
CIR_PlainMQTT_100_1000_ln01_00001_3_10000000000 56 10000.0 10000.0 1.0 827.2933311700543 16574.0 3082764.0 0.0 0.0 16574.0 3082764.0 16574.0 16574.0 19.8888 49.722 331.48
CIR_Tor_100_1000_ln01_00001_3_10000000000 55 10000.0 10000.0 1.0 8008.2897413447 40000.0 8080000.0 0.0 0.0 40000.0 8080000.0 40000.0 40000.0 48.0 120.0 800.0
CIR_PlainMQTT_100_1000_ln01_00001_3_10000000000 57 10000.0 10000.0 1.0 833.350899700685 16535.0 3075510.0 0.0 0.0 16535.0 3075510.0 16535.0 16535.0 19.842 49.605 330.7
CIR_Tor_100_1000_ln01_00001_3_10000000000 56 10000.0 10000.0 1.0 8232.830982459 40000.0 8080000.0 0.0 0.0 40000.0 8080000.0 40000.0 40000.0 48.0 120.0 800.0
CIR_PlainMQTT_100_1000_ln01_00001_3_10000000000 58 10000.0 10000.0 1.0 820.6910798866519 16543.0 3076998.0 0.0 0.0 16543.0 3076998.0 16543.0 16543.0 19.8516 49.629 330.86
CIR_Tor_100_1000_ln01_00001_3_10000000000 57 10000.0 10000.0 1.0 7933.777834932101 40000.0 8080000.0 0.0 0.0 40000.0 8080000.0 40000.0 40000.0 48.0 120.0 800.0
CIR_PlainMQTT_100_1000_ln01_00001_3_10000000000 59 10000.0 10000.0 1.0 832.8251374758836 16571.0 3082206.0 0.0 0.0 16571.0 3082206.0 16571.0 16571.0 19.8852 49.713 331.42
CIR_Tor_100_1000_ln01_00001_3_10000000000 58 10000.0 10000.0 1.0 8028.3185997038 40000.0 8080000.0 0.0 0.0 40000.0 8080000.0 40000.0 40000.0 48.0 120.0 800.0
CIR_PlainMQTT_100_1000_ln01_00001_3_10000000000 60 10000.0 10000.0 1.0 835.0498276100876 16553.0 3078858.0 0.0 0.0 16553.0 3078858.0 16553.0 16553.0 19.8636 49.659 331.06
CIR_Tor_100_1000_ln01_00001_3_10000000000 59 10000.0 10000.0 1.0 7759.6175386557 40000.0 8080000.0 0.0 0.0 40000.0 8080000.0 40000.0 40000.0 48.0 120.0 800.0
CIR_PlainMQTT_100_1000_ln01_00001_3_10000000000 61 10000.0 10000.0 1.0 828.2132907147026 16568.0 3081648.0 0.0 0.0 16568.0 3081648.0 16568.0 16568.0 19.8816 49.704 331.36
CIR_Tor_100_1000_ln01_00001_3_10000000000 60 10000.0 10000.0 1.0 7865.8999428854995 40000.0 8080000.0 0.0 0.0 40000.0 8080000.0 40000.0 40000.0 48.0 120.0 800.0
CIR_Tor_100_1000_ln01_00001_3_10000000000 61 10000.0 10000.0 1.0 8082.7042317985 40000.0 8080000.0 0.0 0.0 40000.0 8080000.0 40000.0 40000.0 48.0 120.0 800.0
CIR_PlainMQTT_100_1000_ln01_00001_3_10000000000 62 10000.0 10000.0 1.0 826.528628433387 16521.0 3072906.0 0.0 0.0 16521.0 3072906.0 16521.0 16521.0 19.8252 49.563 330.42
CIR_PlainMQTT_100_1000_ln01_00001_3_10000000000 63 10000.0 10000.0 1.0 837.4362689408981 16542.0 3076812.0 0.0 0.0 16542.0 3076812.0 16542.0 16542.0 19.8504 49.626 330.84
CIR_Tor_100_1000_ln01_00001_3_10000000000 62 10000.0 10000.0 1.0 8072.0316128184995 40000.0 8080000.0 0.0 0.0 40000.0 8080000.0 40000.0 40000.0 48.0 120.0 800.0
CIR_PlainMQTT_100_1000_ln01_00001_3_10000000000 64 10000.0 10000.0 1.0 824.6395591557434 16550.0 3078300.0 0.0 0.0 16550.0 3078300.0 16550.0 16550.0 19.86 49.65 331.0
CIR_Tor_100_1000_ln01_00001_3_10000000000 63 10000.0 10000.0 1.0 7699.494912555199 40000.0 8080000.0 0.0 0.0 40000.0 8080000.0 40000.0 40000.0 48.0 120.0 800.0
CIR_Tor_100_1000_ln01_00001_3_10000000000 64 10000.0 10000.0 1.0 7561.3126799247 40000.0 8080000.0 0.0 0.0 40000.0 8080000.0 40000.0 40000.0 48.0 120.0 800.0
CIR_PlainMQTT_100_1000_ln01_00001_3_10000000000 65 10000.0 10000.0 1.0 839.1012357134084 16584.0 3084624.0 0.0 0.0 16584.0 3084624.0 16584.0 16584.0 19.9008 49.752 331.68
CIR_PlainMQTT_100_1000_ln01_00001_3_10000000000 66 10000.0 10000.0 1.0 835.339440502921 16584.0 3084624.0 0.0 0.0 16584.0 3084624.0 16584.0 16584.0 19.9008 49.752 331.68
CIR_Tor_100_1000_ln01_00001_3_10000000000 65 10000.0 10000.0 1.0 8000.0482325965995 40000.0 8080000.0 0.0 0.0 40000.0 8080000.0 40000.0 40000.0 48.0 120.0 800.0
CIR_Tor_100_1000_ln01_00001_3_10000000000 66 10000.0 10000.0 1.0 7999.082829839501 40000.0 8080000.0 0.0 0.0 40000.0 8080000.0 40000.0 40000.0 48.0 120.0 800.0
CIR_PlainMQTT_100_1000_ln01_00001_3_10000000000 67 10000.0 10000.0 1.0 844.1078912384934 16525.0 3073650.0 0.0 0.0 16525.0 3073650.0 16525.0 16525.0 19.83 49.575 330.5
CIR_Tor_100_1000_ln01_00001_3_10000000000 67 10000.0 10000.0 1.0 7784.3476782921 40000.0 8080000.0 0.0 0.0 40000.0 8080000.0 40000.0 40000.0 48.0 120.0 800.0
CIR_PlainMQTT_100_1000_ln01_00001_3_10000000000 69 10000.0 10000.0 1.0 826.6379744369782 16549.0 3078114.0 0.0 0.0 16549.0 3078114.0 16549.0 16549.0 19.8588 49.647 330.98
CIR_PlainMQTT_100_1000_ln01_00001_3_10000000000 68 10000.0 10000.0 1.0 823.7816819192234 16506.0 3070116.0 0.0 0.0 16506.0 3070116.0 16506.0 16506.0 19.8072 49.518 330.12
CIR_Tor_100_1000_ln01_00001_3_10000000000 68 10000.0 10000.0 1.0 7883.596219557399 40000.0 8080000.0 0.0 0.0 40000.0 8080000.0 40000.0 40000.0 48.0 120.0 800.0
CIR_PlainMQTT_100_1000_ln01_00001_3_10000000000 70 10000.0 10000.0 1.0 857.8206316848832 16565.0 3081090.0 0.0 0.0 16565.0 3081090.0 16565.0 16565.0 19.878 49.695 331.3
CIR_Tor_100_1000_ln01_00001_3_10000000000 69 10000.0 10000.0 1.0 7789.0044056199995 40000.0 8080000.0 0.0 0.0 40000.0 8080000.0 40000.0 40000.0 48.0 120.0 800.0
CIR_PlainMQTT_100_1000_ln01_00001_3_10000000000 71 10000.0 10000.0 1.0 842.9780327782026 16564.0 3080904.0 0.0 0.0 16564.0 3080904.0 16564.0 16564.0 19.8768 49.692 331.28
CIR_Tor_100_1000_ln01_00001_3_10000000000 70 10000.0 10000.0 1.0 8049.3128834437 40000.0 8080000.0 0.0 0.0 40000.0 8080000.0 40000.0 40000.0 48.0 120.0 800.0
CIR_PlainMQTT_100_1000_ln01_00001_3_10000000000 72 10000.0 10000.0 1.0 829.3715380398752 16529.0 3074394.0 0.0 0.0 16529.0 3074394.0 16529.0 16529.0 19.8348 49.587 330.58
CIR_Tor_100_1000_ln01_00001_3_10000000000 71 10000.0 10000.0 1.0 8320.7483968407 40000.0 8080000.0 0.0 0.0 40000.0 8080000.0 40000.0 40000.0 48.0 120.0 800.0
CIR_PlainMQTT_100_1000_ln01_00001_3_10000000000 73 10000.0 10000.0 1.0 838.2776083016912 16566.0 3081276.0 0.0 0.0 16566.0 3081276.0 16566.0 16566.0 19.8792 49.698 331.32
CIR_Tor_100_1000_ln01_00001_3_10000000000 72 10000.0 10000.0 1.0 7804.1544726489 40000.0 8080000.0 0.0 0.0 40000.0 8080000.0 40000.0 40000.0 48.0 120.0 800.0
CIR_PlainMQTT_100_1000_ln01_00001_3_10000000000 74 10000.0 10000.0 1.0 835.3458647893731 16580.0 3083880.0 0.0 0.0 16580.0 3083880.0 16580.0 16580.0 19.896 49.74 331.6
CIR_Tor_100_1000_ln01_00001_3_10000000000 73 10000.0 10000.0 1.0 8175.4843098477 40000.0 8080000.0 0.0 0.0 40000.0 8080000.0 40000.0 40000.0 48.0 120.0 800.0
CIR_PlainMQTT_100_1000_ln01_00001_3_10000000000 75 10000.0 10000.0 1.0 839.7763870540513 16602.0 3087972.0 0.0 0.0 16602.0 3087972.0 16602.0 16602.0 19.9224 49.806 332.04
CIR_Tor_100_1000_ln01_00001_3_10000000000 74 10000.0 10000.0 1.0 7943.6776778463 40000.0 8080000.0 0.0 0.0 40000.0 8080000.0 40000.0 40000.0 48.0 120.0 800.0
CIR_PlainMQTT_100_1000_ln01_00001_3_10000000000 76 10000.0 10000.0 1.0 826.4218435793922 16527.0 3074022.0 0.0 0.0 16527.0 3074022.0 16527.0 16527.0 19.8324 49.581 330.54
CIR_Tor_100_1000_ln01_00001_3_10000000000 75 10000.0 10000.0 1.0 8083.4765400609995 40000.0 8080000.0 0.0 0.0 40000.0 8080000.0 40000.0 40000.0 48.0 120.0 800.0
CIR_PlainMQTT_100_1000_ln01_00001_3_10000000000 77 10000.0 10000.0 1.0 838.3809548799195 16549.0 3078114.0 0.0 0.0 16549.0 3078114.0 16549.0 16549.0 19.8588 49.647 330.98
CIR_Tor_100_1000_ln01_00001_3_10000000000 76 10000.0 10000.0 1.0 8102.4660423737005 40000.0 8080000.0 0.0 0.0 40000.0 8080000.0 40000.0 40000.0 48.0 120.0 800.0
CIR_PlainMQTT_100_1000_ln01_00001_3_10000000000 78 10000.0 10000.0 1.0 852.7225805449234 16544.0 3077184.0 0.0 0.0 16544.0 3077184.0 16544.0 16544.0 19.8528 49.632 330.88
CIR_Tor_100_1000_ln01_00001_3_10000000000 77 10000.0 10000.0 1.0 7564.5295917729 40000.0 8080000.0 0.0 0.0 40000.0 8080000.0 40000.0 40000.0 48.0 120.0 800.0
CIR_PlainMQTT_100_1000_ln01_00001_3_10000000000 79 10000.0 10000.0 1.0 824.6271415685089 16524.0 3073464.0 0.0 0.0 16524.0 3073464.0 16524.0 16524.0 19.8288 49.572 330.48
CIR_Tor_100_1000_ln01_00001_3_10000000000 78 10000.0 10000.0 1.0 8143.6217298756 40000.0 8080000.0 0.0 0.0 40000.0 8080000.0 40000.0 40000.0 48.0 120.0 800.0
CIR_PlainMQTT_100_1000_ln01_00001_3_10000000000 80 10000.0 10000.0 1.0 827.0928562673706 16511.0 3071046.0 0.0 0.0 16511.0 3071046.0 16511.0 16511.0 19.8132 49.533 330.22
CIR_Tor_100_1000_ln01_00001_3_10000000000 79 10000.0 10000.0 1.0 8167.932910304 40000.0 8080000.0 0.0 0.0 40000.0 8080000.0 40000.0 40000.0 48.0 120.0 800.0
CIR_PlainMQTT_100_1000_ln01_00001_3_10000000000 81 10000.0 10000.0 1.0 831.1615928475002 16561.0 3080346.0 0.0 0.0 16561.0 3080346.0 16561.0 16561.0 19.8732 49.683 331.22
CIR_Tor_100_1000_ln01_00001_3_10000000000 80 10000.0 10000.0 1.0 7863.3002578808 40000.0 8080000.0 0.0 0.0 40000.0 8080000.0 40000.0 40000.0 48.0 120.0 800.0
CIR_PlainMQTT_100_1000_ln01_00001_3_10000000000 82 10000.0 10000.0 1.0 834.9451115405215 16517.0 3072162.0 0.0 0.0 16517.0 3072162.0 16517.0 16517.0 19.8204 49.551 330.34
CIR_Tor_100_1000_ln01_00001_3_10000000000 81 10000.0 10000.0 1.0 7891.747916895601 40000.0 8080000.0 0.0 0.0 40000.0 8080000.0 40000.0 40000.0 48.0 120.0 800.0
CIR_PlainMQTT_100_1000_ln01_00001_3_10000000000 83 10000.0 10000.0 1.0 845.5506252727822 16533.0 3075138.0 0.0 0.0 16533.0 3075138.0 16533.0 16533.0 19.8396 49.599 330.66
CIR_Tor_100_1000_ln01_00001_3_10000000000 82 10000.0 10000.0 1.0 7443.702684366101 40000.0 8080000.0 0.0 0.0 40000.0 8080000.0 40000.0 40000.0 48.0 120.0 800.0
CIR_PlainMQTT_100_1000_ln01_00001_3_10000000000 84 10000.0 10000.0 1.0 820.2319027038454 16517.0 3072162.0 0.0 0.0 16517.0 3072162.0 16517.0 16517.0 19.8204 49.551 330.34
CIR_Tor_100_1000_ln01_00001_3_10000000000 83 10000.0 10000.0 1.0 8284.763240806 40000.0 8080000.0 0.0 0.0 40000.0 8080000.0 40000.0 40000.0 48.0 120.0 800.0
CIR_PlainMQTT_100_1000_ln01_00001_3_10000000000 85 10000.0 10000.0 1.0 828.9113570773726 16568.0 3081648.0 0.0 0.0 16568.0 3081648.0 16568.0 16568.0 19.8816 49.704 331.36
CIR_Tor_100_1000_ln01_00001_3_10000000000 84 10000.0 10000.0 1.0 7979.0330933412 40000.0 8080000.0 0.0 0.0 40000.0 8080000.0 40000.0 40000.0 48.0 120.0 800.0
CIR_PlainMQTT_100_1000_ln01_00001_3_10000000000 86 10000.0 10000.0 1.0 816.6377073697403 16563.0 3080718.0 0.0 0.0 16563.0 3080718.0 16563.0 16563.0 19.8756 49.689 331.26
CIR_Tor_100_1000_ln01_00001_3_10000000000 85 10000.0 10000.0 1.0 8018.2885901042 40000.0 8080000.0 0.0 0.0 40000.0 8080000.0 40000.0 40000.0 48.0 120.0 800.0
CIR_PlainMQTT_100_1000_ln01_00001_3_10000000000 87 10000.0 10000.0 1.0 815.9704616042652 16490.0 3067140.0 0.0 0.0 16490.0 3067140.0 16490.0 16490.0 19.788 49.47 329.8
CIR_Tor_100_1000_ln01_00001_3_10000000000 86 10000.0 10000.0 1.0 7891.315834125399 40000.0 8080000.0 0.0 0.0 40000.0 8080000.0 40000.0 40000.0 48.0 120.0 800.0
CIR_PlainMQTT_100_1000_ln01_00001_3_10000000000 89 10000.0 10000.0 1.0 827.3355901204832 16523.0 3073278.0 0.0 0.0 16523.0 3073278.0 16523.0 16523.0 19.8276 49.569 330.46
CIR_PlainMQTT_100_1000_ln01_00001_3_10000000000 88 10000.0 10000.0 1.0 830.3848347979666 16585.0 3084810.0 0.0 0.0 16585.0 3084810.0 16585.0 16585.0 19.902 49.755 331.7
CIR_Tor_100_1000_ln01_00001_3_10000000000 88 10000.0 10000.0 1.0 7984.1962498363 40000.0 8080000.0 0.0 0.0 40000.0 8080000.0 40000.0 40000.0 48.0 120.0 800.0
CIR_Tor_100_1000_ln01_00001_3_10000000000 87 10000.0 10000.0 1.0 8151.428348496899 40000.0 8080000.0 0.0 0.0 40000.0 8080000.0 40000.0 40000.0 48.0 120.0 800.0
CIR_PlainMQTT_100_1000_ln01_00001_3_10000000000 90 10000.0 10000.0 1.0 824.5628572958116 16514.0 3071604.0 0.0 0.0 16514.0 3071604.0 16514.0 16514.0 19.8168 49.542 330.28
CIR_Tor_100_1000_ln01_00001_3_10000000000 89 10000.0 10000.0 1.0 7757.1015353222 40000.0 8080000.0 0.0 0.0 40000.0 8080000.0 40000.0 40000.0 48.0 120.0 800.0
CIR_PlainMQTT_100_1000_ln01_00001_3_10000000000 91 10000.0 10000.0 1.0 855.409336084995 16533.0 3075138.0 0.0 0.0 16533.0 3075138.0 16533.0 16533.0 19.8396 49.599 330.66
CIR_Tor_100_1000_ln01_00001_3_10000000000 90 10000.0 10000.0 1.0 7843.6037063538 40000.0 8080000.0 0.0 0.0 40000.0 8080000.0 40000.0 40000.0 48.0 120.0 800.0
CIR_PlainMQTT_100_1000_ln01_00001_3_10000000000 92 10000.0 10000.0 1.0 830.0705674249168 16508.0 3070488.0 0.0 0.0 16508.0 3070488.0 16508.0 16508.0 19.8096 49.524 330.16
CIR_PlainMQTT_100_1000_ln01_00001_3_10000000000 93 10000.0 10000.0 1.0 838.8473387377263 16569.0 3081834.0 0.0 0.0 16569.0 3081834.0 16569.0 16569.0 19.8828 49.707 331.38
CIR_Tor_100_1000_ln01_00001_3_10000000000 91 10000.0 10000.0 1.0 7772.250780721401 40000.0 8080000.0 0.0 0.0 40000.0 8080000.0 40000.0 40000.0 48.0 120.0 800.0
CIR_Tor_100_1000_ln01_00001_3_10000000000 92 10000.0 10000.0 1.0 7779.4810733209 40000.0 8080000.0 0.0 0.0 40000.0 8080000.0 40000.0 40000.0 48.0 120.0 800.0
CIR_PlainMQTT_100_1000_ln01_00001_3_10000000000 94 10000.0 10000.0 1.0 855.0432728418033 16562.0 3080532.0 0.0 0.0 16562.0 3080532.0 16562.0 16562.0 19.8744 49.686 331.24
CIR_Tor_100_1000_ln01_00001_3_10000000000 93 10000.0 10000.0 1.0 7821.3073301695 40000.0 8080000.0 0.0 0.0 40000.0 8080000.0 40000.0 40000.0 48.0 120.0 800.0
CIR_PlainMQTT_100_1000_ln01_00001_3_10000000000 95 10000.0 10000.0 1.0 829.1986727448631 16552.0 3078672.0 0.0 0.0 16552.0 3078672.0 16552.0 16552.0 19.8624 49.656 331.04
CIR_Tor_100_1000_ln01_00001_3_10000000000 94 10000.0 10000.0 1.0 8192.9673285965 40000.0 8080000.0 0.0 0.0 40000.0 8080000.0 40000.0 40000.0 48.0 120.0 800.0
CIR_Tor_100_1000_ln01_00001_3_10000000000 95 10000.0 10000.0 1.0 7754.7513304198 40000.0 8080000.0 0.0 0.0 40000.0 8080000.0 40000.0 40000.0 48.0 120.0 800.0
CIR_PlainMQTT_100_1000_ln01_00001_3_10000000000 96 10000.0 10000.0 1.0 824.0827501713308 16540.0 3076440.0 0.0 0.0 16540.0 3076440.0 16540.0 16540.0 19.848 49.62 330.8
CIR_Tor_100_1000_ln01_00001_3_10000000000 96 10000.0 10000.0 1.0 7676.9924838166 40000.0 8080000.0 0.0 0.0 40000.0 8080000.0 40000.0 40000.0 48.0 120.0 800.0
CIR_PlainMQTT_100_1000_ln01_00001_3_10000000000 97 10000.0 10000.0 1.0 838.2693703573299 16584.0 3084624.0 0.0 0.0 16584.0 3084624.0 16584.0 16584.0 19.9008 49.752 331.68
CIR_PlainMQTT_100_1000_ln01_00001_3_10000000000 98 10000.0 10000.0 1.0 844.6351587280507 16560.0 3080160.0 0.0 0.0 16560.0 3080160.0 16560.0 16560.0 19.872 49.68 331.2
CIR_Tor_100_1000_ln01_00001_3_10000000000 97 10000.0 10000.0 1.0 8102.5994298263995 40000.0 8080000.0 0.0 0.0 40000.0 8080000.0 40000.0 40000.0 48.0 120.0 800.0
CIR_Tor_100_1000_ln01_00001_3_10000000000 98 10000.0 10000.0 1.0 7935.0927632316 40000.0 8080000.0 0.0 0.0 40000.0 8080000.0 40000.0 40000.0 48.0 120.0 800.0
CIR_PlainMQTT_100_1000_ln01_00001_3_10000000000 99 10000.0 10000.0 1.0 841.5138267410426 16551.0 3078486.0 0.0 0.0 16551.0 3078486.0 16551.0 16551.0 19.8612 49.653 331.02
CIR_PlainMQTT_100_1000_ln01_00001_3_10000000000 100 10000.0 10000.0 1.0 823.7338669836907 16553.0 3078858.0 0.0 0.0 16553.0 3078858.0 16553.0 16553.0 19.8636 49.659 331.06
CIR_Tor_100_1000_ln01_00001_3_10000000000 99 10000.0 10000.0 1.0 7742.7364322362 40000.0 8080000.0 0.0 0.0 40000.0 8080000.0 40000.0 40000.0 48.0 120.0 800.0
CIR_Tor_100_1000_ln01_00001_3_10000000000 100 10000.0 10000.0 1.0 7863.8995191093 40000.0 8080000.0 0.0 0.0 40000.0 8080000.0 40000.0 40000.0 48.0 120.0 800.0
CIR_JumpMqtt_pf1_100_1000_ln01_00001_3_10000000000 4 10000.0 10000.0 1.0 43264.7686117841 133734.0 2.5194524E7 0.0 0.0 133734.0 2.5194524E7 133734.0 133734.0 160.4808 401.202 2674.68
CIR_JumpMqtt_pf1_100_1000_ln01_00001_3_10000000000 6 10000.0 10000.0 1.0 43609.0177775336 133875.0 2.522075E7 0.0 0.0 133875.0 2.522075E7 133875.0 133875.0 160.65 401.625 2677.5
CIR_JumpMqtt_pf1_100_1000_ln01_00001_3_10000000000 3 10000.0 10000.0 1.0 43167.5969547726 133580.0 2.516588E7 0.0 0.0 133580.0 2.516588E7 133580.0 133580.0 160.296 400.74 2671.6
CIR_JumpMqtt_pf1_100_1000_ln01_00001_3_10000000000 5 10000.0 10000.0 1.0 43537.1811564202 134116.0 2.5265576E7 0.0 0.0 134116.0 2.5265576E7 134116.0 134116.0 160.9392 402.348 2682.32
CIR_JumpMqtt_pf1_100_1000_ln01_00001_3_10000000000 2 10000.0 10000.0 1.0 43470.9935653368 134059.0 2.5254974E7 0.0 0.0 134059.0 2.5254974E7 134059.0 134059.0 160.8708 402.177 2681.18
CIR_JumpMqtt_pf1_100_1000_ln01_00001_3_10000000000 7 10000.0 10000.0 1.0 43467.022563276 133534.0 2.5157324E7 0.0 0.0 133534.0 2.5157324E7 133534.0 133534.0 160.2408 400.602 2670.68
CIR_JumpMqtt_pf1_100_1000_ln01_00001_3_10000000000 1 10000.0 10000.0 1.0 42934.8600919543 133252.0 2.5104872E7 0.0 0.0 133252.0 2.5104872E7 133252.0 133252.0 159.9024 399.756 2665.04
CIR_JumpMqtt_pf1_100_1000_ln01_00001_3_10000000000 8 10000.0 10000.0 1.0 42687.682414216695 133912.0 2.5227632E7 0.0 0.0 133912.0 2.5227632E7 133912.0 133912.0 160.6944 401.736 2678.24
CIR_JumpMqtt_pf1_100_1000_ln01_00001_3_10000000000 10 10000.0 10000.0 1.0 42592.2684947913 133446.0 2.5140956E7 0.0 0.0 133446.0 2.5140956E7 133446.0 133446.0 160.1352 400.338 2668.92
CIR_JumpMqtt_pf1_100_1000_ln01_00001_3_10000000000 9 10000.0 10000.0 1.0 43492.3121859854 133821.0 2.5210706E7 0.0 0.0 133821.0 2.5210706E7 133821.0 133821.0 160.5852 401.463 2676.42
CIR_JumpMqtt_pf1_100_1000_ln01_00001_3_10000000000 14 10000.0 10000.0 1.0 43147.4882445576 133596.0 2.5168856E7 0.0 0.0 133596.0 2.5168856E7 133596.0 133596.0 160.3152 400.788 2671.92
CIR_JumpMqtt_pf1_100_1000_ln01_00001_3_10000000000 13 10000.0 10000.0 1.0 42956.8625840249 133315.0 2.511659E7 0.0 0.0 133315.0 2.511659E7 133315.0 133315.0 159.978 399.945 2666.3
CIR_JumpMqtt_pf1_100_1000_ln01_00001_3_10000000000 12 10000.0 10000.0 1.0 43796.8162303785 133535.0 2.515751E7 0.0 0.0 133535.0 2.515751E7 133535.0 133535.0 160.242 400.605 2670.7
CIR_JumpMqtt_pf1_100_1000_ln01_00001_3_10000000000 11 10000.0 10000.0 1.0 42646.762505722196 133554.0 2.5161044E7 0.0 0.0 133554.0 2.5161044E7 133554.0 133554.0 160.2648 400.662 2671.08
CIR_JumpMqtt_pf1_100_1000_ln01_00001_3_10000000000 16 10000.0 10000.0 1.0 43575.3767977024 133707.0 2.5189502E7 0.0 0.0 133707.0 2.5189502E7 133707.0 133707.0 160.4484 401.121 2674.14
CIR_JumpMqtt_pf1_100_1000_ln01_00001_3_10000000000 15 10000.0 10000.0 1.0 43178.8990722651 133751.0 2.5197686E7 0.0 0.0 133751.0 2.5197686E7 133751.0 133751.0 160.5012 401.253 2675.02
CIR_JumpMqtt_pf1_100_1000_ln01_00001_3_10000000000 18 10000.0 10000.0 1.0 42736.019789038 133451.0 2.5141886E7 0.0 0.0 133451.0 2.5141886E7 133451.0 133451.0 160.1412 400.353 2669.02
CIR_JumpMqtt_pf1_100_1000_ln01_00001_3_10000000000 17 10000.0 10000.0 1.0 43360.429258142896 133781.0 2.5203266E7 0.0 0.0 133781.0 2.5203266E7 133781.0 133781.0 160.5372 401.343 2675.62
CIR_JumpMqtt_pf1_100_1000_ln01_00001_3_10000000000 19 10000.0 10000.0 1.0 43212.581788194606 133947.0 2.5234142E7 0.0 0.0 133947.0 2.5234142E7 133947.0 133947.0 160.7364 401.841 2678.94
CIR_JumpMqtt_pf1_100_1000_ln01_00001_3_10000000000 22 10000.0 10000.0 1.0 43029.015612984804 133249.0 2.5104314E7 0.0 0.0 133249.0 2.5104314E7 133249.0 133249.0 159.8988 399.747 2664.98
CIR_JumpMqtt_pf1_100_1000_ln01_00001_3_10000000000 20 10000.0 10000.0 1.0 43007.4031819406 133662.0 2.5181132E7 0.0 0.0 133662.0 2.5181132E7 133662.0 133662.0 160.3944 400.986 2673.24
CIR_JumpMqtt_pf1_100_1000_ln01_00001_3_10000000000 21 10000.0 10000.0 1.0 42918.592522678 133810.0 2.520866E7 0.0 0.0 133810.0 2.520866E7 133810.0 133810.0 160.572 401.43 2676.2
CIR_JumpMqtt_pf1_100_1000_ln01_00001_3_10000000000 24 10000.0 10000.0 1.0 43161.0909235823 133272.0 2.5108592E7 0.0 0.0 133272.0 2.5108592E7 133272.0 133272.0 159.9264 399.816 2665.44
CIR_JumpMqtt_pf1_100_1000_ln01_00001_3_10000000000 23 10000.0 10000.0 1.0 43611.7966473647 133893.0 2.5224098E7 0.0 0.0 133893.0 2.5224098E7 133893.0 133893.0 160.6716 401.679 2677.86
CIR_JumpMqtt_pf1_100_1000_ln01_00001_3_10000000000 25 10000.0 10000.0 1.0 42773.798144992696 133355.0 2.512403E7 0.0 0.0 133355.0 2.512403E7 133355.0 133355.0 160.026 400.065 2667.1
CIR_JumpMqtt_pf1_100_1000_ln01_00001_3_10000000000 27 10000.0 10000.0 1.0 43255.826700344805 133296.0 2.5113056E7 0.0 0.0 133296.0 2.5113056E7 133296.0 133296.0 159.9552 399.888 2665.92
CIR_JumpMqtt_pf1_100_1000_ln01_00001_3_10000000000 26 10000.0 10000.0 1.0 42836.182434029 133610.0 2.517146E7 0.0 0.0 133610.0 2.517146E7 133610.0 133610.0 160.332 400.83 2672.2
CIR_JumpMqtt_pf1_100_1000_ln01_00001_3_10000000000 28 10000.0 10000.0 1.0 43504.5227704516 133380.0 2.512868E7 0.0 0.0 133380.0 2.512868E7 133380.0 133380.0 160.056 400.14 2667.6
CIR_JumpMqtt_pf1_100_1000_ln01_00001_3_10000000000 29 10000.0 10000.0 1.0 42805.1120074226 133587.0 2.5167182E7 0.0 0.0 133587.0 2.5167182E7 133587.0 133587.0 160.3044 400.761 2671.74
CIR_JumpMqtt_pf1_100_1000_ln01_00001_3_10000000000 31 10000.0 10000.0 1.0 43022.7361984526 133574.0 2.5164764E7 0.0 0.0 133574.0 2.5164764E7 133574.0 133574.0 160.2888 400.722 2671.48
CIR_JumpMqtt_pf1_100_1000_ln01_00001_3_10000000000 30 10000.0 10000.0 1.0 42971.8821699773 133864.0 2.5218704E7 0.0 0.0 133864.0 2.5218704E7 133864.0 133864.0 160.6368 401.592 2677.28
CIR_JumpMqtt_pf1_100_1000_ln01_00001_3_10000000000 32 10000.0 10000.0 1.0 42924.5363731398 133662.0 2.5181132E7 0.0 0.0 133662.0 2.5181132E7 133662.0 133662.0 160.3944 400.986 2673.24
CIR_JumpMqtt_pf1_100_1000_ln01_00001_3_10000000000 33 10000.0 10000.0 1.0 42547.1810184529 133471.0 2.5145606E7 0.0 0.0 133471.0 2.5145606E7 133471.0 133471.0 160.1652 400.413 2669.42
CIR_JumpMqtt_pf1_100_1000_ln01_00001_3_10000000000 34 10000.0 10000.0 1.0 42291.677581265605 133185.0 2.509241E7 0.0 0.0 133185.0 2.509241E7 133185.0 133185.0 159.822 399.555 2663.7
CIR_JumpMqtt_pf1_100_1000_ln01_00001_3_10000000000 36 10000.0 10000.0 1.0 42244.1049628971 133587.0 2.5167182E7 0.0 0.0 133587.0 2.5167182E7 133587.0 133587.0 160.3044 400.761 2671.74
CIR_JumpMqtt_pf1_100_1000_ln01_00001_3_10000000000 35 10000.0 10000.0 1.0 42787.3884213318 133780.0 2.520308E7 0.0 0.0 133780.0 2.520308E7 133780.0 133780.0 160.536 401.34 2675.6
CIR_JumpMqtt_pf1_100_1000_ln01_00001_3_10000000000 37 10000.0 10000.0 1.0 42908.9750037399 133602.0 2.5169972E7 0.0 0.0 133602.0 2.5169972E7 133602.0 133602.0 160.3224 400.806 2672.04
CIR_JumpMqtt_pf1_100_1000_ln01_00001_3_10000000000 38 10000.0 10000.0 1.0 42747.4577928247 133893.0 2.5224098E7 0.0 0.0 133893.0 2.5224098E7 133893.0 133893.0 160.6716 401.679 2677.86
CIR_JumpMqtt_pf1_100_1000_ln01_00001_3_10000000000 39 10000.0 10000.0 1.0 43370.4226086623 133830.0 2.521238E7 0.0 0.0 133830.0 2.521238E7 133830.0 133830.0 160.596 401.49 2676.6
CIR_JumpMqtt_pf1_100_1000_ln01_00001_3_10000000000 40 10000.0 10000.0 1.0 43439.2833075418 133472.0 2.5145792E7 0.0 0.0 133472.0 2.5145792E7 133472.0 133472.0 160.1664 400.416 2669.44
CIR_JumpMqtt_pf1_100_1000_ln01_00001_3_10000000000 41 10000.0 10000.0 1.0 43600.1252571749 133415.0 2.513519E7 0.0 0.0 133415.0 2.513519E7 133415.0 133415.0 160.098 400.245 2668.3
CIR_JumpMqtt_pf1_100_1000_ln01_00001_3_10000000000 43 10000.0 10000.0 1.0 43002.1843835659 133396.0 2.5131656E7 0.0 0.0 133396.0 2.5131656E7 133396.0 133396.0 160.0752 400.188 2667.92
CIR_JumpMqtt_pf1_100_1000_ln01_00001_3_10000000000 44 10000.0 10000.0 1.0 43382.7202041694 133536.0 2.5157696E7 0.0 0.0 133536.0 2.5157696E7 133536.0 133536.0 160.2432 400.608 2670.72
CIR_JumpMqtt_pf1_100_1000_ln01_00001_3_10000000000 42 10000.0 10000.0 1.0 42771.966297807 133659.0 2.5180574E7 0.0 0.0 133659.0 2.5180574E7 133659.0 133659.0 160.3908 400.977 2673.18
CIR_JumpMqtt_pf1_100_1000_ln01_00001_3_10000000000 45 10000.0 10000.0 1.0 43058.7924061567 133711.0 2.5190246E7 0.0 0.0 133711.0 2.5190246E7 133711.0 133711.0 160.4532 401.133 2674.22
CIR_JumpMqtt_pf1_100_1000_ln01_00001_3_10000000000 47 10000.0 10000.0 1.0 41987.9472671667 133338.0 2.5120868E7 0.0 0.0 133338.0 2.5120868E7 133338.0 133338.0 160.0056 400.014 2666.76
CIR_JumpMqtt_pf1_100_1000_ln01_00001_3_10000000000 46 10000.0 10000.0 1.0 43070.9082202265 133919.0 2.5228934E7 0.0 0.0 133919.0 2.5228934E7 133919.0 133919.0 160.7028 401.757 2678.38
CIR_JumpMqtt_pf1_100_1000_ln01_00001_3_10000000000 48 10000.0 10000.0 1.0 43269.9491827375 133742.0 2.5196012E7 0.0 0.0 133742.0 2.5196012E7 133742.0 133742.0 160.4904 401.226 2674.84
CIR_JumpMqtt_pf1_100_1000_ln01_00001_3_10000000000 50 10000.0 10000.0 1.0 42953.462202513605 133545.0 2.515937E7 0.0 0.0 133545.0 2.515937E7 133545.0 133545.0 160.254 400.635 2670.9
CIR_JumpMqtt_pf1_100_1000_ln01_00001_3_10000000000 49 10000.0 10000.0 1.0 43608.1852989064 133875.0 2.522075E7 0.0 0.0 133875.0 2.522075E7 133875.0 133875.0 160.65 401.625 2677.5
CIR_JumpMqtt_pf1_100_1000_ln01_00001_3_10000000000 51 10000.0 10000.0 1.0 43065.9263190028 133390.0 2.513054E7 0.0 0.0 133390.0 2.513054E7 133390.0 133390.0 160.068 400.17 2667.8
CIR_JumpMqtt_pf1_100_1000_ln01_00001_3_10000000000 53 10000.0 10000.0 1.0 42495.0847244079 133323.0 2.5118078E7 0.0 0.0 133323.0 2.5118078E7 133323.0 133323.0 159.9876 399.969 2666.46
CIR_JumpMqtt_pf1_100_1000_ln01_00001_3_10000000000 52 10000.0 10000.0 1.0 42822.142985254206 133583.0 2.5166438E7 0.0 0.0 133583.0 2.5166438E7 133583.0 133583.0 160.2996 400.749 2671.66
CIR_JumpMqtt_pf1_100_1000_ln01_00001_3_10000000000 54 10000.0 10000.0 1.0 42726.168023566905 133397.0 2.5131842E7 0.0 0.0 133397.0 2.5131842E7 133397.0 133397.0 160.0764 400.191 2667.94
CIR_JumpMqtt_pf1_100_1000_ln01_00001_3_10000000000 55 10000.0 10000.0 1.0 42996.8778370884 133716.0 2.5191176E7 0.0 0.0 133716.0 2.5191176E7 133716.0 133716.0 160.4592 401.148 2674.32
CIR_JumpMqtt_pf1_100_1000_ln01_00001_3_10000000000 56 10000.0 10000.0 1.0 43260.5003793707 133448.0 2.5141328E7 0.0 0.0 133448.0 2.5141328E7 133448.0 133448.0 160.1376 400.344 2668.96
CIR_JumpMqtt_pf1_100_1000_ln01_00001_3_10000000000 57 10000.0 10000.0 1.0 43249.0443597412 133425.0 2.513705E7 0.0 0.0 133425.0 2.513705E7 133425.0 133425.0 160.11 400.275 2668.5
CIR_JumpMqtt_pf1_100_1000_ln01_00001_3_10000000000 58 10000.0 10000.0 1.0 43167.5839376649 133415.0 2.513519E7 0.0 0.0 133415.0 2.513519E7 133415.0 133415.0 160.098 400.245 2668.3
CIR_JumpMqtt_pf1_100_1000_ln01_00001_3_10000000000 59 10000.0 10000.0 1.0 43037.123030483104 133906.0 2.5226516E7 0.0 0.0 133906.0 2.5226516E7 133906.0 133906.0 160.6872 401.718 2678.12
CIR_JumpMqtt_pf1_100_1000_ln01_00001_3_10000000000 60 10000.0 10000.0 1.0 43254.9480448757 133563.0 2.5162718E7 0.0 0.0 133563.0 2.5162718E7 133563.0 133563.0 160.2756 400.689 2671.26
CIR_JumpMqtt_pf1_100_1000_ln01_00001_3_10000000000 61 10000.0 10000.0 1.0 43381.877407954 133570.0 2.516402E7 0.0 0.0 133570.0 2.516402E7 133570.0 133570.0 160.284 400.71 2671.4
CIR_JumpMqtt_pf1_100_1000_ln01_00001_3_10000000000 63 10000.0 10000.0 1.0 43398.6549358595 133969.0 2.5238234E7 0.0 0.0 133969.0 2.5238234E7 133969.0 133969.0 160.7628 401.907 2679.38
CIR_JumpMqtt_pf1_100_1000_ln01_00001_3_10000000000 62 10000.0 10000.0 1.0 43531.555420058896 133822.0 2.5210892E7 0.0 0.0 133822.0 2.5210892E7 133822.0 133822.0 160.5864 401.466 2676.44
CIR_JumpMqtt_pf1_100_1000_ln01_00001_3_10000000000 64 10000.0 10000.0 1.0 42464.2797392267 133044.0 2.5066184E7 0.0 0.0 133044.0 2.5066184E7 133044.0 133044.0 159.6528 399.132 2660.88
CIR_JumpMqtt_pf1_100_1000_ln01_00001_3_10000000000 65 10000.0 10000.0 1.0 43158.5367612534 133407.0 2.5133702E7 0.0 0.0 133407.0 2.5133702E7 133407.0 133407.0 160.0884 400.221 2668.14
CIR_JumpMqtt_pf1_100_1000_ln01_00001_3_10000000000 66 10000.0 10000.0 1.0 43516.428608317 134045.0 2.525237E7 0.0 0.0 134045.0 2.525237E7 134045.0 134045.0 160.854 402.135 2680.9
CIR_JumpMqtt_pf1_100_1000_ln01_00001_3_10000000000 67 10000.0 10000.0 1.0 42726.045205794704 133600.0 2.51696E7 0.0 0.0 133600.0 2.51696E7 133600.0 133600.0 160.32 400.8 2672.0
CIR_JumpMqtt_pf1_100_1000_ln01_00001_3_10000000000 68 10000.0 10000.0 1.0 42717.7743483332 133326.0 2.5118636E7 0.0 0.0 133326.0 2.5118636E7 133326.0 133326.0 159.9912 399.978 2666.52
CIR_JumpMqtt_pf1_100_1000_ln01_00001_3_10000000000 71 10000.0 10000.0 1.0 43203.6535871871 133448.0 2.5141328E7 0.0 0.0 133448.0 2.5141328E7 133448.0 133448.0 160.1376 400.344 2668.96
CIR_JumpMqtt_pf1_100_1000_ln01_00001_3_10000000000 69 10000.0 10000.0 1.0 43107.746679307704 133468.0 2.5145048E7 0.0 0.0 133468.0 2.5145048E7 133468.0 133468.0 160.1616 400.404 2669.36
CIR_JumpMqtt_pf1_100_1000_ln01_00001_3_10000000000 70 10000.0 10000.0 1.0 42963.2675740352 133710.0 2.519006E7 0.0 0.0 133710.0 2.519006E7 133710.0 133710.0 160.452 401.13 2674.2
CIR_JumpMqtt_pf1_100_1000_ln01_00001_3_10000000000 72 10000.0 10000.0 1.0 43253.97806797989 133611.0 2.5171646E7 0.0 0.0 133611.0 2.5171646E7 133611.0 133611.0 160.3332 400.833 2672.22
CIR_JumpMqtt_pf1_100_1000_ln01_00001_3_10000000000 73 10000.0 10000.0 1.0 43526.7019904029 133667.0 2.5182062E7 0.0 0.0 133667.0 2.5182062E7 133667.0 133667.0 160.4004 401.001 2673.34
CIR_JumpMqtt_pf1_100_1000_ln01_00001_3_10000000000 76 10000.0 10000.0 1.0 43272.985111581496 133699.0 2.5188014E7 0.0 0.0 133699.0 2.5188014E7 133699.0 133699.0 160.4388 401.097 2673.98
CIR_JumpMqtt_pf1_100_1000_ln01_00001_3_10000000000 74 10000.0 10000.0 1.0 42932.295118470196 133621.0 2.5173506E7 0.0 0.0 133621.0 2.5173506E7 133621.0 133621.0 160.3452 400.863 2672.42
CIR_JumpMqtt_pf1_100_1000_ln01_00001_3_10000000000 75 10000.0 10000.0 1.0 43098.119628363194 133648.0 2.5178528E7 0.0 0.0 133648.0 2.5178528E7 133648.0 133648.0 160.3776 400.944 2672.96
CIR_JumpMqtt_pf1_100_1000_ln01_00001_3_10000000000 77 10000.0 10000.0 1.0 42782.9305895363 133648.0 2.5178528E7 0.0 0.0 133648.0 2.5178528E7 133648.0 133648.0 160.3776 400.944 2672.96
CIR_JumpMqtt_pf1_100_1000_ln01_00001_3_10000000000 79 10000.0 10000.0 1.0 43301.5878313436 133496.0 2.5150256E7 0.0 0.0 133496.0 2.5150256E7 133496.0 133496.0 160.1952 400.488 2669.92
CIR_JumpMqtt_pf1_100_1000_ln01_00001_3_10000000000 78 10000.0 10000.0 1.0 42839.4599641015 133365.0 2.512589E7 0.0 0.0 133365.0 2.512589E7 133365.0 133365.0 160.038 400.095 2667.3
CIR_JumpMqtt_pf1_100_1000_ln01_00001_3_10000000000 80 10000.0 10000.0 1.0 43103.6992000489 133741.0 2.5195826E7 0.0 0.0 133741.0 2.5195826E7 133741.0 133741.0 160.4892 401.223 2674.82
CIR_JumpMqtt_pf1_100_1000_ln01_00001_3_10000000000 81 10000.0 10000.0 1.0 42987.3997954395 133162.0 2.5088132E7 0.0 0.0 133162.0 2.5088132E7 133162.0 133162.0 159.7944 399.486 2663.24
CIR_JumpMqtt_pf1_100_1000_ln01_00001_3_10000000000 82 10000.0 10000.0 1.0 42479.285248094595 133569.0 2.5163834E7 0.0 0.0 133569.0 2.5163834E7 133569.0 133569.0 160.2828 400.707 2671.38
CIR_JumpMqtt_pf1_100_1000_ln01_00001_3_10000000000 83 10000.0 10000.0 1.0 43673.410597146496 133575.0 2.516495E7 0.0 0.0 133575.0 2.516495E7 133575.0 133575.0 160.29 400.725 2671.5
CIR_JumpMqtt_pf1_100_1000_ln01_00001_3_10000000000 84 10000.0 10000.0 1.0 43150.3975833583 133463.0 2.5144118E7 0.0 0.0 133463.0 2.5144118E7 133463.0 133463.0 160.1556 400.389 2669.26
CIR_JumpMqtt_pf1_100_1000_ln01_00001_3_10000000000 87 10000.0 10000.0 1.0 43595.74860297619 133903.0 2.5225958E7 0.0 0.0 133903.0 2.5225958E7 133903.0 133903.0 160.6836 401.709 2678.06
CIR_JumpMqtt_pf1_100_1000_ln01_00001_3_10000000000 85 10000.0 10000.0 1.0 43047.2231522536 133348.0 2.5122728E7 0.0 0.0 133348.0 2.5122728E7 133348.0 133348.0 160.0176 400.044 2666.96
CIR_JumpMqtt_pf1_100_1000_ln01_00001_3_10000000000 86 10000.0 10000.0 1.0 43052.885777981006 133780.0 2.520308E7 0.0 0.0 133780.0 2.520308E7 133780.0 133780.0 160.536 401.34 2675.6
CIR_JumpMqtt_pf1_100_1000_ln01_00001_3_10000000000 88 10000.0 10000.0 1.0 42687.7032829331 133233.0 2.5101338E7 0.0 0.0 133233.0 2.5101338E7 133233.0 133233.0 159.8796 399.699 2664.66
CIR_JumpMqtt_pf1_100_1000_ln01_00001_3_10000000000 89 10000.0 10000.0 1.0 43077.442312171 133567.0 2.5163462E7 0.0 0.0 133567.0 2.5163462E7 133567.0 133567.0 160.2804 400.701 2671.34
CIR_JumpMqtt_pf1_100_1000_ln01_00001_3_10000000000 92 10000.0 10000.0 1.0 42804.9725988098 133909.0 2.5227074E7 0.0 0.0 133909.0 2.5227074E7 133909.0 133909.0 160.6908 401.727 2678.18
CIR_JumpMqtt_pf1_100_1000_ln01_00001_3_10000000000 94 10000.0 10000.0 1.0 42981.2672149789 133130.0 2.508218E7 0.0 0.0 133130.0 2.508218E7 133130.0 133130.0 159.756 399.39 2662.6
CIR_JumpMqtt_pf1_100_1000_ln01_00001_3_10000000000 91 10000.0 10000.0 1.0 42590.6311947019 133471.0 2.5145606E7 0.0 0.0 133471.0 2.5145606E7 133471.0 133471.0 160.1652 400.413 2669.42
CIR_JumpMqtt_pf1_100_1000_ln01_00001_3_10000000000 90 10000.0 10000.0 1.0 42968.0162751412 133540.0 2.515844E7 0.0 0.0 133540.0 2.515844E7 133540.0 133540.0 160.248 400.62 2670.8
CIR_JumpMqtt_pf1_100_1000_ln01_00001_3_10000000000 93 10000.0 10000.0 1.0 42509.1321995619 132921.0 2.5043306E7 0.0 0.0 132921.0 2.5043306E7 132921.0 132921.0 159.5052 398.763 2658.42
CIR_JumpMqtt_pf1_100_1000_ln01_00001_3_10000000000 95 10000.0 10000.0 1.0 43066.0143019866 133972.0 2.5238792E7 0.0 0.0 133972.0 2.5238792E7 133972.0 133972.0 160.7664 401.916 2679.44
CIR_JumpMqtt_pf1_100_1000_ln01_00001_3_10000000000 96 10000.0 10000.0 1.0 43067.5730856035 133645.0 2.517797E7 0.0 0.0 133645.0 2.517797E7 133645.0 133645.0 160.374 400.935 2672.9
CIR_JumpMqtt_pf1_100_1000_ln01_00001_3_10000000000 97 10000.0 10000.0 1.0 43455.1498509041 133714.0 2.5190804E7 0.0 0.0 133714.0 2.5190804E7 133714.0 133714.0 160.4568 401.142 2674.28
CIR_JumpMqtt_pf1_100_1000_ln01_00001_3_10000000000 99 10000.0 10000.0 1.0 43097.6093897138 133920.0 2.522912E7 0.0 0.0 133920.0 2.522912E7 133920.0 133920.0 160.704 401.76 2678.4
CIR_JumpMqtt_pf1_100_1000_ln01_00001_3_10000000000 98 10000.0 10000.0 1.0 43387.317714448305 133607.0 2.5170902E7 0.0 0.0 133607.0 2.5170902E7 133607.0 133607.0 160.3284 400.821 2672.14
CIR_JumpMqtt_pf1_100_1000_ln01_00001_3_10000000000 100 10000.0 10000.0 1.0 43553.7409256166 134098.0 2.5262228E7 0.0 0.0 134098.0 2.5262228E7 134098.0 134098.0 160.9176 402.294 2681.96
CIR_JumpMqtt_pf085_100_1000_ln01_00001_3_10000000000 5 10000.0 10000.0 1.0 19777.7335629596 83264.0 1.5807104E7 0.0 0.0 83264.0 1.5807104E7 83264.0 83264.0 99.9168 249.792 1665.28
CIR_JumpMqtt_pf085_100_1000_ln01_00001_3_10000000000 3 10000.0 10000.0 1.0 19700.1533384978 83031.0 1.5763766E7 0.0 0.0 83031.0 1.5763766E7 83031.0 83031.0 99.6372 249.093 1660.62
CIR_JumpMqtt_pf085_100_1000_ln01_00001_3_10000000000 8 10000.0 10000.0 1.0 19336.6967897467 83023.0 1.5762278E7 0.0 0.0 83023.0 1.5762278E7 83023.0 83023.0 99.6276 249.069 1660.46
CIR_JumpMqtt_pf085_100_1000_ln01_00001_3_10000000000 4 10000.0 10000.0 1.0 19527.0525508812 83317.0 1.5816962E7 0.0 0.0 83317.0 1.5816962E7 83317.0 83317.0 99.9804 249.951 1666.34
CIR_JumpMqtt_pf085_100_1000_ln01_00001_3_10000000000 2 10000.0 10000.0 1.0 19572.399385561297 82961.0 1.5750746E7 0.0 0.0 82961.0 1.5750746E7 82961.0 82961.0 99.5532 248.883 1659.22
CIR_JumpMqtt_pf085_100_1000_ln01_00001_3_10000000000 1 10000.0 10000.0 1.0 19803.616764953098 83434.0 1.5838724E7 0.0 0.0 83434.0 1.5838724E7 83434.0 83434.0 100.1208 250.302 1668.68
CIR_JumpMqtt_pf085_100_1000_ln01_00001_3_10000000000 7 10000.0 10000.0 1.0 20153.496918604 83391.0 1.5830726E7 0.0 0.0 83391.0 1.5830726E7 83391.0 83391.0 100.0692 250.173 1667.82
CIR_JumpMqtt_pf085_100_1000_ln01_00001_3_10000000000 6 10000.0 10000.0 1.0 19837.848250838797 82942.0 1.5747212E7 0.0 0.0 82942.0 1.5747212E7 82942.0 82942.0 99.5304 248.826 1658.84
CIR_JumpMqtt_pf085_100_1000_ln01_00001_3_10000000000 9 10000.0 10000.0 1.0 19713.9167890848 82588.0 1.5681368E7 0.0 0.0 82588.0 1.5681368E7 82588.0 82588.0 99.1056 247.764 1651.76
CIR_JumpMqtt_pf085_100_1000_ln01_00001_3_10000000000 10 10000.0 10000.0 1.0 19504.3864774659 83023.0 1.5762278E7 0.0 0.0 83023.0 1.5762278E7 83023.0 83023.0 99.6276 249.069 1660.46
CIR_JumpMqtt_pf085_100_1000_ln01_00001_3_10000000000 12 10000.0 10000.0 1.0 19965.755673275 82678.0 1.5698108E7 0.0 0.0 82678.0 1.5698108E7 82678.0 82678.0 99.2136 248.034 1653.56
CIR_JumpMqtt_pf085_100_1000_ln01_00001_3_10000000000 15 10000.0 10000.0 1.0 19721.7398162289 83159.0 1.5787574E7 0.0 0.0 83159.0 1.5787574E7 83159.0 83159.0 99.7908 249.477 1663.18
CIR_JumpMqtt_pf085_100_1000_ln01_00001_3_10000000000 11 10000.0 10000.0 1.0 19490.815194979597 83321.0 1.5817706E7 0.0 0.0 83321.0 1.5817706E7 83321.0 83321.0 99.9852 249.963 1666.42
CIR_JumpMqtt_pf085_100_1000_ln01_00001_3_10000000000 16 10000.0 10000.0 1.0 19831.074187463102 82933.0 1.5745538E7 0.0 0.0 82933.0 1.5745538E7 82933.0 82933.0 99.5196 248.799 1658.66
CIR_JumpMqtt_pf085_100_1000_ln01_00001_3_10000000000 13 10000.0 10000.0 1.0 20030.362708119 83467.0 1.5844862E7 0.0 0.0 83467.0 1.5844862E7 83467.0 83467.0 100.1604 250.401 1669.34
CIR_JumpMqtt_pf085_100_1000_ln01_00001_3_10000000000 14 10000.0 10000.0 1.0 19864.7800467211 83843.0 1.5914798E7 0.0 0.0 83843.0 1.5914798E7 83843.0 83843.0 100.6116 251.529 1676.86
CIR_JumpMqtt_pf085_100_1000_ln01_00001_3_10000000000 18 10000.0 10000.0 1.0 19855.873044082902 83911.0 1.5927446E7 0.0 0.0 83911.0 1.5927446E7 83911.0 83911.0 100.6932 251.733 1678.22
CIR_JumpMqtt_pf085_100_1000_ln01_00001_3_10000000000 17 10000.0 10000.0 1.0 19754.955446127202 83210.0 1.579706E7 0.0 0.0 83210.0 1.579706E7 83210.0 83210.0 99.852 249.63 1664.2
CIR_JumpMqtt_pf085_100_1000_ln01_00001_3_10000000000 21 10000.0 10000.0 1.0 19573.3374404147 83510.0 1.585286E7 0.0 0.0 83510.0 1.585286E7 83510.0 83510.0 100.212 250.53 1670.2
CIR_JumpMqtt_pf085_100_1000_ln01_00001_3_10000000000 20 10000.0 10000.0 1.0 19810.3300705084 83602.0 1.5869972E7 0.0 0.0 83602.0 1.5869972E7 83602.0 83602.0 100.3224 250.806 1672.04
CIR_JumpMqtt_pf085_100_1000_ln01_00001_3_10000000000 23 10000.0 10000.0 1.0 19864.8191880788 83036.0 1.5764696E7 0.0 0.0 83036.0 1.5764696E7 83036.0 83036.0 99.6432 249.108 1660.72
CIR_JumpMqtt_pf085_100_1000_ln01_00001_3_10000000000 19 10000.0 10000.0 1.0 19399.2973261549 82369.0 1.5640634E7 0.0 0.0 82369.0 1.5640634E7 82369.0 82369.0 98.8428 247.107 1647.38
CIR_JumpMqtt_pf085_100_1000_ln01_00001_3_10000000000 22 10000.0 10000.0 1.0 19695.426615299 83175.0 1.579055E7 0.0 0.0 83175.0 1.579055E7 83175.0 83175.0 99.81 249.525 1663.5
CIR_JumpMqtt_pf085_100_1000_ln01_00001_3_10000000000 24 10000.0 10000.0 1.0 20144.588206302502 83837.0 1.5913682E7 0.0 0.0 83837.0 1.5913682E7 83837.0 83837.0 100.6044 251.511 1676.74
CIR_JumpMqtt_pf085_100_1000_ln01_00001_3_10000000000 25 10000.0 10000.0 1.0 19708.7641367506 83068.0 1.5770648E7 0.0 0.0 83068.0 1.5770648E7 83068.0 83068.0 99.6816 249.204 1661.36
CIR_JumpMqtt_pf085_100_1000_ln01_00001_3_10000000000 26 10000.0 10000.0 1.0 19607.4969998196 82922.0 1.5743492E7 0.0 0.0 82922.0 1.5743492E7 82922.0 82922.0 99.5064 248.766 1658.44
CIR_JumpMqtt_pf085_100_1000_ln01_00001_3_10000000000 28 10000.0 10000.0 1.0 20378.9256825272 83791.0 1.5905126E7 0.0 0.0 83791.0 1.5905126E7 83791.0 83791.0 100.5492 251.373 1675.82
CIR_JumpMqtt_pf085_100_1000_ln01_00001_3_10000000000 27 10000.0 10000.0 1.0 20044.0554374141 83650.0 1.58789E7 0.0 0.0 83650.0 1.58789E7 83650.0 83650.0 100.38 250.95 1673.0
CIR_JumpMqtt_pf085_100_1000_ln01_00001_3_10000000000 30 10000.0 10000.0 1.0 19315.544667595 82665.0 1.569569E7 0.0 0.0 82665.0 1.569569E7 82665.0 82665.0 99.198 247.995 1653.3
CIR_JumpMqtt_pf085_100_1000_ln01_00001_3_10000000000 31 10000.0 10000.0 1.0 19450.289858657503 82971.0 1.5752606E7 0.0 0.0 82971.0 1.5752606E7 82971.0 82971.0 99.5652 248.913 1659.42
CIR_JumpMqtt_pf085_100_1000_ln01_00001_3_10000000000 32 10000.0 10000.0 1.0 19448.6662091281 83249.0 1.5804314E7 0.0 0.0 83249.0 1.5804314E7 83249.0 83249.0 99.8988 249.747 1664.98
CIR_JumpMqtt_pf085_100_1000_ln01_00001_3_10000000000 29 10000.0 10000.0 1.0 19734.718483841 83174.0 1.5790364E7 0.0 0.0 83174.0 1.5790364E7 83174.0 83174.0 99.8088 249.522 1663.48
CIR_JumpMqtt_pf085_100_1000_ln01_00001_3_10000000000 37 10000.0 10000.0 1.0 19442.4429630028 82788.0 1.5718568E7 0.0 0.0 82788.0 1.5718568E7 82788.0 82788.0 99.3456 248.364 1655.76
CIR_JumpMqtt_pf085_100_1000_ln01_00001_3_10000000000 33 10000.0 10000.0 1.0 19255.253897867296 82859.0 1.5731774E7 0.0 0.0 82859.0 1.5731774E7 82859.0 82859.0 99.4308 248.577 1657.18
CIR_JumpMqtt_pf085_100_1000_ln01_00001_3_10000000000 34 10000.0 10000.0 1.0 19372.645287427 83512.0 1.5853232E7 0.0 0.0 83512.0 1.5853232E7 83512.0 83512.0 100.2144 250.536 1670.24
CIR_JumpMqtt_pf085_100_1000_ln01_00001_3_10000000000 35 10000.0 10000.0 1.0 19176.6045081885 83128.0 1.5781808E7 0.0 0.0 83128.0 1.5781808E7 83128.0 83128.0 99.7536 249.384 1662.56
CIR_JumpMqtt_pf085_100_1000_ln01_00001_3_10000000000 38 10000.0 10000.0 1.0 19492.4042178382 83430.0 1.583798E7 0.0 0.0 83430.0 1.583798E7 83430.0 83430.0 100.116 250.29 1668.6
CIR_JumpMqtt_pf085_100_1000_ln01_00001_3_10000000000 36 10000.0 10000.0 1.0 19033.479777910303 82957.0 1.5750002E7 0.0 0.0 82957.0 1.5750002E7 82957.0 82957.0 99.5484 248.871 1659.14
CIR_JumpMqtt_pf085_100_1000_ln01_00001_3_10000000000 39 10000.0 10000.0 1.0 19549.3375677173 83120.0 1.578032E7 0.0 0.0 83120.0 1.578032E7 83120.0 83120.0 99.744 249.36 1662.4
CIR_JumpMqtt_pf085_100_1000_ln01_00001_3_10000000000 40 10000.0 10000.0 1.0 20145.604074878298 83185.0 1.579241E7 0.0 0.0 83185.0 1.579241E7 83185.0 83185.0 99.822 249.555 1663.7
CIR_JumpMqtt_pf085_100_1000_ln01_00001_3_10000000000 41 10000.0 10000.0 1.0 19872.6015782494 82788.0 1.5718568E7 0.0 0.0 82788.0 1.5718568E7 82788.0 82788.0 99.3456 248.364 1655.76
CIR_JumpMqtt_pf085_100_1000_ln01_00001_3_10000000000 42 10000.0 10000.0 1.0 19434.461710135503 83527.0 1.5856022E7 0.0 0.0 83527.0 1.5856022E7 83527.0 83527.0 100.2324 250.581 1670.54
CIR_JumpMqtt_pf085_100_1000_ln01_00001_3_10000000000 43 10000.0 10000.0 1.0 19614.465151721 83020.0 1.576172E7 0.0 0.0 83020.0 1.576172E7 83020.0 83020.0 99.624 249.06 1660.4
CIR_JumpMqtt_pf085_100_1000_ln01_00001_3_10000000000 45 10000.0 10000.0 1.0 19667.7054506409 83534.0 1.5857324E7 0.0 0.0 83534.0 1.5857324E7 83534.0 83534.0 100.2408 250.602 1670.68
CIR_JumpMqtt_pf085_100_1000_ln01_00001_3_10000000000 46 10000.0 10000.0 1.0 19396.603271707198 82736.0 1.5708896E7 0.0 0.0 82736.0 1.5708896E7 82736.0 82736.0 99.2832 248.208 1654.72
CIR_JumpMqtt_pf085_100_1000_ln01_00001_3_10000000000 47 10000.0 10000.0 1.0 18907.7866551869 82779.0 1.5716894E7 0.0 0.0 82779.0 1.5716894E7 82779.0 82779.0 99.3348 248.337 1655.58
CIR_JumpMqtt_pf085_100_1000_ln01_00001_3_10000000000 44 10000.0 10000.0 1.0 20128.5885152659 83617.0 1.5872762E7 0.0 0.0 83617.0 1.5872762E7 83617.0 83617.0 100.3404 250.851 1672.34
CIR_JumpMqtt_pf085_100_1000_ln01_00001_3_10000000000 48 10000.0 10000.0 1.0 19477.2651475729 83060.0 1.576916E7 0.0 0.0 83060.0 1.576916E7 83060.0 83060.0 99.672 249.18 1661.2
CIR_JumpMqtt_pf085_100_1000_ln01_00001_3_10000000000 49 10000.0 10000.0 1.0 19881.1285113086 83131.0 1.5782366E7 0.0 0.0 83131.0 1.5782366E7 83131.0 83131.0 99.7572 249.393 1662.62
CIR_JumpMqtt_pf085_100_1000_ln01_00001_3_10000000000 51 10000.0 10000.0 1.0 19894.0415147074 83186.0 1.5792596E7 0.0 0.0 83186.0 1.5792596E7 83186.0 83186.0 99.8232 249.558 1663.72
CIR_JumpMqtt_pf085_100_1000_ln01_00001_3_10000000000 50 10000.0 10000.0 1.0 19513.655862689702 82654.0 1.5693644E7 0.0 0.0 82654.0 1.5693644E7 82654.0 82654.0 99.1848 247.962 1653.08
CIR_JumpMqtt_pf085_100_1000_ln01_00001_3_10000000000 52 10000.0 10000.0 1.0 19572.536722355202 83035.0 1.576451E7 0.0 0.0 83035.0 1.576451E7 83035.0 83035.0 99.642 249.105 1660.7
CIR_JumpMqtt_pf085_100_1000_ln01_00001_3_10000000000 53 10000.0 10000.0 1.0 19363.8220530082 83295.0 1.581287E7 0.0 0.0 83295.0 1.581287E7 83295.0 83295.0 99.954 249.885 1665.9
CIR_JumpMqtt_pf085_100_1000_ln01_00001_3_10000000000 55 10000.0 10000.0 1.0 19505.6142878293 82976.0 1.5753536E7 0.0 0.0 82976.0 1.5753536E7 82976.0 82976.0 99.5712 248.928 1659.52
CIR_JumpMqtt_pf085_100_1000_ln01_00001_3_10000000000 54 10000.0 10000.0 1.0 19645.3960992897 83283.0 1.5810638E7 0.0 0.0 83283.0 1.5810638E7 83283.0 83283.0 99.9396 249.849 1665.66
CIR_JumpMqtt_pf085_100_1000_ln01_00001_3_10000000000 56 10000.0 10000.0 1.0 20102.0494797587 83624.0 1.5874064E7 0.0 0.0 83624.0 1.5874064E7 83624.0 83624.0 100.3488 250.872 1672.48
CIR_JumpMqtt_pf085_100_1000_ln01_00001_3_10000000000 58 10000.0 10000.0 1.0 19749.7609067911 83062.0 1.5769532E7 0.0 0.0 83062.0 1.5769532E7 83062.0 83062.0 99.6744 249.186 1661.24
CIR_JumpMqtt_pf085_100_1000_ln01_00001_3_10000000000 57 10000.0 10000.0 1.0 19703.0373996917 83270.0 1.580822E7 0.0 0.0 83270.0 1.580822E7 83270.0 83270.0 99.924 249.81 1665.4
CIR_JumpMqtt_pf085_100_1000_ln01_00001_3_10000000000 59 10000.0 10000.0 1.0 19531.111138507098 83508.0 1.5852488E7 0.0 0.0 83508.0 1.5852488E7 83508.0 83508.0 100.2096 250.524 1670.16
CIR_JumpMqtt_pf085_100_1000_ln01_00001_3_10000000000 60 10000.0 10000.0 1.0 19724.626916193803 83121.0 1.5780506E7 0.0 0.0 83121.0 1.5780506E7 83121.0 83121.0 99.7452 249.363 1662.42
CIR_JumpMqtt_pf085_100_1000_ln01_00001_3_10000000000 61 10000.0 10000.0 1.0 20064.9191966842 83850.0 1.59161E7 0.0 0.0 83850.0 1.59161E7 83850.0 83850.0 100.62 251.55 1677.0
CIR_JumpMqtt_pf085_100_1000_ln01_00001_3_10000000000 62 10000.0 10000.0 1.0 19993.3565538787 83406.0 1.5833516E7 0.0 0.0 83406.0 1.5833516E7 83406.0 83406.0 100.0872 250.218 1668.12
CIR_JumpMqtt_pf085_100_1000_ln01_00001_3_10000000000 63 10000.0 10000.0 1.0 19876.303795293203 83490.0 1.584914E7 0.0 0.0 83490.0 1.584914E7 83490.0 83490.0 100.188 250.47 1669.8
CIR_JumpMqtt_pf085_100_1000_ln01_00001_3_10000000000 64 10000.0 10000.0 1.0 19342.881640850897 82351.0 1.5637286E7 0.0 0.0 82351.0 1.5637286E7 82351.0 82351.0 98.8212 247.053 1647.02
CIR_JumpMqtt_pf085_100_1000_ln01_00001_3_10000000000 65 10000.0 10000.0 1.0 19980.720933554 83628.0 1.5874808E7 0.0 0.0 83628.0 1.5874808E7 83628.0 83628.0 100.3536 250.884 1672.56
CIR_JumpMqtt_pf085_100_1000_ln01_00001_3_10000000000 67 10000.0 10000.0 1.0 19603.5599301269 83430.0 1.583798E7 0.0 0.0 83430.0 1.583798E7 83430.0 83430.0 100.116 250.29 1668.6
CIR_JumpMqtt_pf085_100_1000_ln01_00001_3_10000000000 66 10000.0 10000.0 1.0 19720.5647781946 83086.0 1.5773996E7 0.0 0.0 83086.0 1.5773996E7 83086.0 83086.0 99.7032 249.258 1661.72
CIR_JumpMqtt_pf085_100_1000_ln01_00001_3_10000000000 68 10000.0 10000.0 1.0 19701.979688198502 83306.0 1.5814916E7 0.0 0.0 83306.0 1.5814916E7 83306.0 83306.0 99.9672 249.918 1666.12
CIR_JumpMqtt_pf085_100_1000_ln01_00001_3_10000000000 70 10000.0 10000.0 1.0 19662.7680069318 83027.0 1.5763022E7 0.0 0.0 83027.0 1.5763022E7 83027.0 83027.0 99.6324 249.081 1660.54
CIR_JumpMqtt_pf085_100_1000_ln01_00001_3_10000000000 69 10000.0 10000.0 1.0 19696.6079490648 83218.0 1.5798548E7 0.0 0.0 83218.0 1.5798548E7 83218.0 83218.0 99.8616 249.654 1664.36
CIR_JumpMqtt_pf085_100_1000_ln01_00001_3_10000000000 72 10000.0 10000.0 1.0 19728.9015310752 83245.0 1.580357E7 0.0 0.0 83245.0 1.580357E7 83245.0 83245.0 99.894 249.735 1664.9
CIR_JumpMqtt_pf085_100_1000_ln01_00001_3_10000000000 71 10000.0 10000.0 1.0 19817.6402237531 82821.0 1.5724706E7 0.0 0.0 82821.0 1.5724706E7 82821.0 82821.0 99.3852 248.463 1656.42
CIR_JumpMqtt_pf085_100_1000_ln01_00001_3_10000000000 73 10000.0 10000.0 1.0 20108.6341440972 83238.0 1.5802268E7 0.0 0.0 83238.0 1.5802268E7 83238.0 83238.0 99.8856 249.714 1664.76
CIR_JumpMqtt_pf085_100_1000_ln01_00001_3_10000000000 75 10000.0 10000.0 1.0 19707.4684478861 82864.0 1.5732704E7 0.0 0.0 82864.0 1.5732704E7 82864.0 82864.0 99.4368 248.592 1657.28
CIR_JumpMqtt_pf085_100_1000_ln01_00001_3_10000000000 74 10000.0 10000.0 1.0 19827.1235459388 83509.0 1.5852674E7 0.0 0.0 83509.0 1.5852674E7 83509.0 83509.0 100.2108 250.527 1670.18
CIR_JumpMqtt_pf085_100_1000_ln01_00001_3_10000000000 76 10000.0 10000.0 1.0 19541.1677160836 82328.0 1.5633008E7 0.0 0.0 82328.0 1.5633008E7 82328.0 82328.0 98.7936 246.984 1646.56
CIR_JumpMqtt_pf085_100_1000_ln01_00001_3_10000000000 77 10000.0 10000.0 1.0 19411.033466279598 83025.0 1.576265E7 0.0 0.0 83025.0 1.576265E7 83025.0 83025.0 99.63 249.075 1660.5
CIR_JumpMqtt_pf085_100_1000_ln01_00001_3_10000000000 78 10000.0 10000.0 1.0 19671.538087955298 82756.0 1.5712616E7 0.0 0.0 82756.0 1.5712616E7 82756.0 82756.0 99.3072 248.268 1655.12
CIR_JumpMqtt_pf085_100_1000_ln01_00001_3_10000000000 79 10000.0 10000.0 1.0 19976.8399669821 83578.0 1.5865508E7 0.0 0.0 83578.0 1.5865508E7 83578.0 83578.0 100.2936 250.734 1671.56
CIR_JumpMqtt_pf085_100_1000_ln01_00001_3_10000000000 80 10000.0 10000.0 1.0 19826.824346812402 83406.0 1.5833516E7 0.0 0.0 83406.0 1.5833516E7 83406.0 83406.0 100.0872 250.218 1668.12
CIR_JumpMqtt_pf085_100_1000_ln01_00001_3_10000000000 81 10000.0 10000.0 1.0 19787.5364991375 83364.0 1.5825704E7 0.0 0.0 83364.0 1.5825704E7 83364.0 83364.0 100.0368 250.092 1667.28
CIR_JumpMqtt_pf085_100_1000_ln01_00001_3_10000000000 82 10000.0 10000.0 1.0 19078.1587555345 82748.0 1.5711128E7 0.0 0.0 82748.0 1.5711128E7 82748.0 82748.0 99.2976 248.244 1654.96
CIR_JumpMqtt_pf085_100_1000_ln01_00001_3_10000000000 83 10000.0 10000.0 1.0 20146.3936433341 83316.0 1.5816776E7 0.0 0.0 83316.0 1.5816776E7 83316.0 83316.0 99.9792 249.948 1666.32
CIR_JumpMqtt_pf085_100_1000_ln01_00001_3_10000000000 84 10000.0 10000.0 1.0 19930.933347249502 83465.0 1.584449E7 0.0 0.0 83465.0 1.584449E7 83465.0 83465.0 100.158 250.395 1669.3
CIR_JumpMqtt_pf085_100_1000_ln01_00001_3_10000000000 85 10000.0 10000.0 1.0 19751.6246939091 83075.0 1.577195E7 0.0 0.0 83075.0 1.577195E7 83075.0 83075.0 99.69 249.225 1661.5
CIR_JumpMqtt_pf085_100_1000_ln01_00001_3_10000000000 88 10000.0 10000.0 1.0 19599.291127439497 82593.0 1.5682298E7 0.0 0.0 82593.0 1.5682298E7 82593.0 82593.0 99.1116 247.779 1651.86
CIR_JumpMqtt_pf085_100_1000_ln01_00001_3_10000000000 87 10000.0 10000.0 1.0 19587.4048452566 82732.0 1.5708152E7 0.0 0.0 82732.0 1.5708152E7 82732.0 82732.0 99.2784 248.196 1654.64
CIR_JumpMqtt_pf085_100_1000_ln01_00001_3_10000000000 86 10000.0 10000.0 1.0 19623.5364150645 83009.0 1.5759674E7 0.0 0.0 83009.0 1.5759674E7 83009.0 83009.0 99.6108 249.027 1660.18
CIR_JumpMqtt_pf085_100_1000_ln01_00001_3_10000000000 89 10000.0 10000.0 1.0 19508.357745348203 82511.0 1.5667046E7 0.0 0.0 82511.0 1.5667046E7 82511.0 82511.0 99.0132 247.533 1650.22
CIR_JumpMqtt_pf085_100_1000_ln01_00001_3_10000000000 90 10000.0 10000.0 1.0 19558.398119510603 82921.0 1.5743306E7 0.0 0.0 82921.0 1.5743306E7 82921.0 82921.0 99.5052 248.763 1658.42
CIR_JumpMqtt_pf085_100_1000_ln01_00001_3_10000000000 92 10000.0 10000.0 1.0 19332.1385345099 82552.0 1.5674672E7 0.0 0.0 82552.0 1.5674672E7 82552.0 82552.0 99.0624 247.656 1651.04
CIR_JumpMqtt_pf085_100_1000_ln01_00001_3_10000000000 91 10000.0 10000.0 1.0 19468.850552003798 83408.0 1.5833888E7 0.0 0.0 83408.0 1.5833888E7 83408.0 83408.0 100.0896 250.224 1668.16
CIR_JumpMqtt_pf085_100_1000_ln01_00001_3_10000000000 94 10000.0 10000.0 1.0 19897.2016927472 82935.0 1.574591E7 0.0 0.0 82935.0 1.574591E7 82935.0 82935.0 99.522 248.805 1658.7
CIR_JumpMqtt_pf085_100_1000_ln01_00001_3_10000000000 96 10000.0 10000.0 1.0 19509.972949537998 83347.0 1.5822542E7 0.0 0.0 83347.0 1.5822542E7 83347.0 83347.0 100.0164 250.041 1666.94
CIR_JumpMqtt_pf085_100_1000_ln01_00001_3_10000000000 93 10000.0 10000.0 1.0 19609.6903679733 83142.0 1.5784412E7 0.0 0.0 83142.0 1.5784412E7 83142.0 83142.0 99.7704 249.426 1662.84
CIR_JumpMqtt_pf085_100_1000_ln01_00001_3_10000000000 95 10000.0 10000.0 1.0 19620.5461503989 83346.0 1.5822356E7 0.0 0.0 83346.0 1.5822356E7 83346.0 83346.0 100.0152 250.038 1666.92
CIR_JumpMqtt_pf085_100_1000_ln01_00001_3_10000000000 97 10000.0 10000.0 1.0 19676.2748676511 82446.0 1.5654956E7 0.0 0.0 82446.0 1.5654956E7 82446.0 82446.0 98.9352 247.338 1648.92
CIR_JumpMqtt_pf085_100_1000_ln01_00001_3_10000000000 98 10000.0 10000.0 1.0 19867.7696557821 83276.0 1.5809336E7 0.0 0.0 83276.0 1.5809336E7 83276.0 83276.0 99.9312 249.828 1665.52
CIR_JumpMqtt_pf085_100_1000_ln01_00001_3_10000000000 99 10000.0 10000.0 1.0 19559.635544638302 83188.0 1.5792968E7 0.0 0.0 83188.0 1.5792968E7 83188.0 83188.0 99.8256 249.564 1663.76
CIR_JumpMqtt_pf085_100_1000_ln01_00001_3_10000000000 100 10000.0 10000.0 1.0 19776.082527420298 83169.0 1.5789434E7 0.0 0.0 83169.0 1.5789434E7 83169.0 83169.0 99.8028 249.507 1663.38
CIR_JumpMqtt_pf05_100_1000_ln01_00001_3_10000000000 6 10000.0 10000.0 1.0 10817.5771024135 49631.0 9551366.0 0.0 0.0 49631.0 9551366.0 49631.0 49631.0 59.5572 148.893 992.62
CIR_JumpMqtt_pf05_100_1000_ln01_00001_3_10000000000 2 10000.0 10000.0 1.0 10432.494775049 49559.0 9537974.0 0.0 0.0 49559.0 9537974.0 49559.0 49559.0 59.4708 148.677 991.18
CIR_JumpMqtt_pf05_100_1000_ln01_00001_3_10000000000 1 10000.0 10000.0 1.0 10500.3411321756 49449.0 9517514.0 0.0 0.0 49449.0 9517514.0 49449.0 49449.0 59.3388 148.347 988.98
CIR_JumpMqtt_pf05_100_1000_ln01_00001_3_10000000000 4 10000.0 10000.0 1.0 10330.6461073626 49730.0 9569780.0 0.0 0.0 49730.0 9569780.0 49730.0 49730.0 59.676 149.19 994.6
CIR_JumpMqtt_pf05_100_1000_ln01_00001_3_10000000000 8 10000.0 10000.0 1.0 10281.1795331656 49565.0 9539090.0 0.0 0.0 49565.0 9539090.0 49565.0 49565.0 59.478 148.695 991.3
CIR_JumpMqtt_pf05_100_1000_ln01_00001_3_10000000000 3 10000.0 10000.0 1.0 10503.0378433477 49521.0 9530906.0 0.0 0.0 49521.0 9530906.0 49521.0 49521.0 59.4252 148.563 990.42
CIR_JumpMqtt_pf05_100_1000_ln01_00001_3_10000000000 7 10000.0 10000.0 1.0 10775.4290647019 49503.0 9527558.0 0.0 0.0 49503.0 9527558.0 49503.0 49503.0 59.4036 148.509 990.06
CIR_JumpMqtt_pf05_100_1000_ln01_00001_3_10000000000 5 10000.0 10000.0 1.0 10528.2795899183 49707.0 9565502.0 0.0 0.0 49707.0 9565502.0 49707.0 49707.0 59.6484 149.121 994.14
CIR_JumpMqtt_pf05_100_1000_ln01_00001_3_10000000000 9 10000.0 10000.0 1.0 10708.1208691251 49688.0 9561968.0 0.0 0.0 49688.0 9561968.0 49688.0 49688.0 59.6256 149.064 993.76
CIR_JumpMqtt_pf05_100_1000_ln01_00001_3_10000000000 13 10000.0 10000.0 1.0 10715.1119886931 49565.0 9539090.0 0.0 0.0 49565.0 9539090.0 49565.0 49565.0 59.478 148.695 991.3
CIR_JumpMqtt_pf05_100_1000_ln01_00001_3_10000000000 10 10000.0 10000.0 1.0 10267.8462659837 49792.0 9581312.0 0.0 0.0 49792.0 9581312.0 49792.0 49792.0 59.7504 149.376 995.84
CIR_JumpMqtt_pf05_100_1000_ln01_00001_3_10000000000 14 10000.0 10000.0 1.0 10526.3813240679 49656.0 9556016.0 0.0 0.0 49656.0 9556016.0 49656.0 49656.0 59.5872 148.968 993.12
CIR_JumpMqtt_pf05_100_1000_ln01_00001_3_10000000000 11 10000.0 10000.0 1.0 10222.516053514299 49945.0 9609770.0 0.0 0.0 49945.0 9609770.0 49945.0 49945.0 59.934 149.835 998.9
CIR_JumpMqtt_pf05_100_1000_ln01_00001_3_10000000000 12 10000.0 10000.0 1.0 10969.3287868139 49517.0 9530162.0 0.0 0.0 49517.0 9530162.0 49517.0 49517.0 59.4204 148.551 990.34
CIR_JumpMqtt_pf05_100_1000_ln01_00001_3_10000000000 15 10000.0 10000.0 1.0 10486.8545229403 49530.0 9532580.0 0.0 0.0 49530.0 9532580.0 49530.0 49530.0 59.436 148.59 990.6
CIR_JumpMqtt_pf05_100_1000_ln01_00001_3_10000000000 16 10000.0 10000.0 1.0 10765.3310987696 49784.0 9579824.0 0.0 0.0 49784.0 9579824.0 49784.0 49784.0 59.7408 149.352 995.68
CIR_JumpMqtt_pf05_100_1000_ln01_00001_3_10000000000 17 10000.0 10000.0 1.0 10638.870297427999 49593.0 9544298.0 0.0 0.0 49593.0 9544298.0 49593.0 49593.0 59.5116 148.779 991.86
CIR_JumpMqtt_pf05_100_1000_ln01_00001_3_10000000000 18 10000.0 10000.0 1.0 10211.959594710599 49525.0 9531650.0 0.0 0.0 49525.0 9531650.0 49525.0 49525.0 59.43 148.575 990.5
CIR_JumpMqtt_pf05_100_1000_ln01_00001_3_10000000000 19 10000.0 10000.0 1.0 10396.3028188252 49569.0 9539834.0 0.0 0.0 49569.0 9539834.0 49569.0 49569.0 59.4828 148.707 991.38
CIR_JumpMqtt_pf05_100_1000_ln01_00001_3_10000000000 22 10000.0 10000.0 1.0 10585.2609597058 49447.0 9517142.0 0.0 0.0 49447.0 9517142.0 49447.0 49447.0 59.3364 148.341 988.94
CIR_JumpMqtt_pf05_100_1000_ln01_00001_3_10000000000 21 10000.0 10000.0 1.0 10220.4207319861 49679.0 9560294.0 0.0 0.0 49679.0 9560294.0 49679.0 49679.0 59.6148 149.037 993.58
CIR_JumpMqtt_pf05_100_1000_ln01_00001_3_10000000000 20 10000.0 10000.0 1.0 10586.827320306102 49591.0 9543926.0 0.0 0.0 49591.0 9543926.0 49591.0 49591.0 59.5092 148.773 991.82
CIR_JumpMqtt_pf05_100_1000_ln01_00001_3_10000000000 23 10000.0 10000.0 1.0 10804.8756364767 49593.0 9544298.0 0.0 0.0 49593.0 9544298.0 49593.0 49593.0 59.5116 148.779 991.86
CIR_JumpMqtt_pf05_100_1000_ln01_00001_3_10000000000 24 10000.0 10000.0 1.0 10646.8881659574 49529.0 9532394.0 0.0 0.0 49529.0 9532394.0 49529.0 49529.0 59.4348 148.587 990.58
CIR_JumpMqtt_pf05_100_1000_ln01_00001_3_10000000000 25 10000.0 10000.0 1.0 10437.7888266663 49656.0 9556016.0 0.0 0.0 49656.0 9556016.0 49656.0 49656.0 59.5872 148.968 993.12
CIR_JumpMqtt_pf05_100_1000_ln01_00001_3_10000000000 26 10000.0 10000.0 1.0 10549.397978613399 49593.0 9544298.0 0.0 0.0 49593.0 9544298.0 49593.0 49593.0 59.5116 148.779 991.86
CIR_JumpMqtt_pf05_100_1000_ln01_00001_3_10000000000 27 10000.0 10000.0 1.0 10700.133735678899 49627.0 9550622.0 0.0 0.0 49627.0 9550622.0 49627.0 49627.0 59.5524 148.881 992.54
CIR_JumpMqtt_pf05_100_1000_ln01_00001_3_10000000000 29 10000.0 10000.0 1.0 10472.011588528601 49525.0 9531650.0 0.0 0.0 49525.0 9531650.0 49525.0 49525.0 59.43 148.575 990.5
CIR_JumpMqtt_pf05_100_1000_ln01_00001_3_10000000000 31 10000.0 10000.0 1.0 10234.2959313586 49429.0 9513794.0 0.0 0.0 49429.0 9513794.0 49429.0 49429.0 59.3148 148.287 988.58
CIR_JumpMqtt_pf05_100_1000_ln01_00001_3_10000000000 30 10000.0 10000.0 1.0 10354.8028586259 49558.0 9537788.0 0.0 0.0 49558.0 9537788.0 49558.0 49558.0 59.4696 148.674 991.16
CIR_JumpMqtt_pf05_100_1000_ln01_00001_3_10000000000 28 10000.0 10000.0 1.0 10895.2353508399 49532.0 9532952.0 0.0 0.0 49532.0 9532952.0 49532.0 49532.0 59.4384 148.596 990.64
CIR_JumpMqtt_pf05_100_1000_ln01_00001_3_10000000000 32 10000.0 10000.0 1.0 10231.2230674835 49565.0 9539090.0 0.0 0.0 49565.0 9539090.0 49565.0 49565.0 59.478 148.695 991.3
CIR_JumpMqtt_pf05_100_1000_ln01_00001_3_10000000000 33 10000.0 10000.0 1.0 10094.9176571506 49648.0 9554528.0 0.0 0.0 49648.0 9554528.0 49648.0 49648.0 59.5776 148.944 992.96
CIR_JumpMqtt_pf05_100_1000_ln01_00001_3_10000000000 34 10000.0 10000.0 1.0 10107.864714978099 49547.0 9535742.0 0.0 0.0 49547.0 9535742.0 49547.0 49547.0 59.4564 148.641 990.94
CIR_JumpMqtt_pf05_100_1000_ln01_00001_3_10000000000 35 10000.0 10000.0 1.0 10147.1708118943 49638.0 9552668.0 0.0 0.0 49638.0 9552668.0 49638.0 49638.0 59.5656 148.914 992.76
CIR_JumpMqtt_pf05_100_1000_ln01_00001_3_10000000000 36 10000.0 10000.0 1.0 9926.3654385627 49516.0 9529976.0 0.0 0.0 49516.0 9529976.0 49516.0 49516.0 59.4192 148.548 990.32
CIR_JumpMqtt_pf05_100_1000_ln01_00001_3_10000000000 37 10000.0 10000.0 1.0 10281.045697326 49761.0 9575546.0 0.0 0.0 49761.0 9575546.0 49761.0 49761.0 59.7132 149.283 995.22
CIR_JumpMqtt_pf05_100_1000_ln01_00001_3_10000000000 38 10000.0 10000.0 1.0 10282.3268124458 49611.0 9547646.0 0.0 0.0 49611.0 9547646.0 49611.0 49611.0 59.5332 148.833 992.22
CIR_JumpMqtt_pf05_100_1000_ln01_00001_3_10000000000 40 10000.0 10000.0 1.0 10840.2783385664 49622.0 9549692.0 0.0 0.0 49622.0 9549692.0 49622.0 49622.0 59.5464 148.866 992.44
CIR_JumpMqtt_pf05_100_1000_ln01_00001_3_10000000000 39 10000.0 10000.0 1.0 10496.8923583305 49587.0 9543182.0 0.0 0.0 49587.0 9543182.0 49587.0 49587.0 59.5044 148.761 991.74
CIR_JumpMqtt_pf05_100_1000_ln01_00001_3_10000000000 41 10000.0 10000.0 1.0 10792.0451024096 49467.0 9520862.0 0.0 0.0 49467.0 9520862.0 49467.0 49467.0 59.3604 148.401 989.34
CIR_JumpMqtt_pf05_100_1000_ln01_00001_3_10000000000 42 10000.0 10000.0 1.0 10033.936855788299 49440.0 9515840.0 0.0 0.0 49440.0 9515840.0 49440.0 49440.0 59.328 148.32 988.8
CIR_JumpMqtt_pf05_100_1000_ln01_00001_3_10000000000 44 10000.0 10000.0 1.0 10772.5492252645 49673.0 9559178.0 0.0 0.0 49673.0 9559178.0 49673.0 49673.0 59.6076 149.019 993.46
CIR_JumpMqtt_pf05_100_1000_ln01_00001_3_10000000000 45 10000.0 10000.0 1.0 10400.4711974626 49809.0 9584474.0 0.0 0.0 49809.0 9584474.0 49809.0 49809.0 59.7708 149.427 996.18
CIR_JumpMqtt_pf05_100_1000_ln01_00001_3_10000000000 43 10000.0 10000.0 1.0 10548.5602821283 49730.0 9569780.0 0.0 0.0 49730.0 9569780.0 49730.0 49730.0 59.676 149.19 994.6
CIR_JumpMqtt_pf05_100_1000_ln01_00001_3_10000000000 46 10000.0 10000.0 1.0 10311.6109728203 49562.0 9538532.0 0.0 0.0 49562.0 9538532.0 49562.0 49562.0 59.4744 148.686 991.24
CIR_JumpMqtt_pf05_100_1000_ln01_00001_3_10000000000 48 10000.0 10000.0 1.0 10288.348455597601 49593.0 9544298.0 0.0 0.0 49593.0 9544298.0 49593.0 49593.0 59.5116 148.779 991.86
CIR_JumpMqtt_pf05_100_1000_ln01_00001_3_10000000000 47 10000.0 10000.0 1.0 9863.8812579924 49548.0 9535928.0 0.0 0.0 49548.0 9535928.0 49548.0 49548.0 59.4576 148.644 990.96
CIR_JumpMqtt_pf05_100_1000_ln01_00001_3_10000000000 49 10000.0 10000.0 1.0 10741.6013231241 49337.0 9496682.0 0.0 0.0 49337.0 9496682.0 49337.0 49337.0 59.2044 148.011 986.74
CIR_JumpMqtt_pf05_100_1000_ln01_00001_3_10000000000 50 10000.0 10000.0 1.0 10523.298207948901 49688.0 9561968.0 0.0 0.0 49688.0 9561968.0 49688.0 49688.0 59.6256 149.064 993.76
CIR_JumpMqtt_pf05_100_1000_ln01_00001_3_10000000000 52 10000.0 10000.0 1.0 10334.4174076502 49377.0 9504122.0 0.0 0.0 49377.0 9504122.0 49377.0 49377.0 59.2524 148.131 987.54
CIR_JumpMqtt_pf05_100_1000_ln01_00001_3_10000000000 51 10000.0 10000.0 1.0 10564.7308373791 49716.0 9567176.0 0.0 0.0 49716.0 9567176.0 49716.0 49716.0 59.6592 149.148 994.32
CIR_JumpMqtt_pf05_100_1000_ln01_00001_3_10000000000 56 10000.0 10000.0 1.0 10720.5504033746 49410.0 9510260.0 0.0 0.0 49410.0 9510260.0 49410.0 49410.0 59.292 148.23 988.2
CIR_JumpMqtt_pf05_100_1000_ln01_00001_3_10000000000 53 10000.0 10000.0 1.0 10260.0118893036 49611.0 9547646.0 0.0 0.0 49611.0 9547646.0 49611.0 49611.0 59.5332 148.833 992.22
CIR_JumpMqtt_pf05_100_1000_ln01_00001_3_10000000000 55 10000.0 10000.0 1.0 10483.4881854621 49554.0 9537044.0 0.0 0.0 49554.0 9537044.0 49554.0 49554.0 59.4648 148.662 991.08
CIR_JumpMqtt_pf05_100_1000_ln01_00001_3_10000000000 54 10000.0 10000.0 1.0 10390.9094781569 49766.0 9576476.0 0.0 0.0 49766.0 9576476.0 49766.0 49766.0 59.7192 149.298 995.32
CIR_JumpMqtt_pf05_100_1000_ln01_00001_3_10000000000 57 10000.0 10000.0 1.0 10544.892541419202 49412.0 9510632.0 0.0 0.0 49412.0 9510632.0 49412.0 49412.0 59.2944 148.236 988.24
CIR_JumpMqtt_pf05_100_1000_ln01_00001_3_10000000000 58 10000.0 10000.0 1.0 10535.3054921445 49458.0 9519188.0 0.0 0.0 49458.0 9519188.0 49458.0 49458.0 59.3496 148.374 989.16
CIR_JumpMqtt_pf05_100_1000_ln01_00001_3_10000000000 59 10000.0 10000.0 1.0 10302.0808281184 49672.0 9558992.0 0.0 0.0 49672.0 9558992.0 49672.0 49672.0 59.6064 149.016 993.44
CIR_JumpMqtt_pf05_100_1000_ln01_00001_3_10000000000 60 10000.0 10000.0 1.0 10483.9121210153 49841.0 9590426.0 0.0 0.0 49841.0 9590426.0 49841.0 49841.0 59.8092 149.523 996.82
CIR_JumpMqtt_pf05_100_1000_ln01_00001_3_10000000000 61 10000.0 10000.0 1.0 10667.2162774563 49719.0 9567734.0 0.0 0.0 49719.0 9567734.0 49719.0 49719.0 59.6628 149.157 994.38
CIR_JumpMqtt_pf05_100_1000_ln01_00001_3_10000000000 63 10000.0 10000.0 1.0 10438.6634290293 49820.0 9586520.0 0.0 0.0 49820.0 9586520.0 49820.0 49820.0 59.784 149.46 996.4
CIR_JumpMqtt_pf05_100_1000_ln01_00001_3_10000000000 62 10000.0 10000.0 1.0 10565.553840935101 49679.0 9560294.0 0.0 0.0 49679.0 9560294.0 49679.0 49679.0 59.6148 149.037 993.58
CIR_JumpMqtt_pf05_100_1000_ln01_00001_3_10000000000 64 10000.0 10000.0 1.0 10164.1567151481 49425.0 9513050.0 0.0 0.0 49425.0 9513050.0 49425.0 49425.0 59.31 148.275 988.5
CIR_JumpMqtt_pf05_100_1000_ln01_00001_3_10000000000 65 10000.0 10000.0 1.0 10663.963934093701 49660.0 9556760.0 0.0 0.0 49660.0 9556760.0 49660.0 49660.0 59.592 148.98 993.2
CIR_JumpMqtt_pf05_100_1000_ln01_00001_3_10000000000 66 10000.0 10000.0 1.0 10619.0482130933 49653.0 9555458.0 0.0 0.0 49653.0 9555458.0 49653.0 49653.0 59.5836 148.959 993.06
CIR_JumpMqtt_pf05_100_1000_ln01_00001_3_10000000000 67 10000.0 10000.0 1.0 10314.204543781201 49564.0 9538904.0 0.0 0.0 49564.0 9538904.0 49564.0 49564.0 59.4768 148.692 991.28
CIR_JumpMqtt_pf05_100_1000_ln01_00001_3_10000000000 68 10000.0 10000.0 1.0 10427.6678852507 49469.0 9521234.0 0.0 0.0 49469.0 9521234.0 49469.0 49469.0 59.3628 148.407 989.38
CIR_JumpMqtt_pf05_100_1000_ln01_00001_3_10000000000 69 10000.0 10000.0 1.0 10381.852948995001 49534.0 9533324.0 0.0 0.0 49534.0 9533324.0 49534.0 49534.0 59.4408 148.602 990.68
CIR_JumpMqtt_pf05_100_1000_ln01_00001_3_10000000000 70 10000.0 10000.0 1.0 10726.8914754488 49682.0 9560852.0 0.0 0.0 49682.0 9560852.0 49682.0 49682.0 59.6184 149.046 993.64
CIR_JumpMqtt_pf05_100_1000_ln01_00001_3_10000000000 72 10000.0 10000.0 1.0 10464.8536388228 49760.0 9575360.0 0.0 0.0 49760.0 9575360.0 49760.0 49760.0 59.712 149.28 995.2
CIR_JumpMqtt_pf05_100_1000_ln01_00001_3_10000000000 71 10000.0 10000.0 1.0 10929.4488064704 49582.0 9542252.0 0.0 0.0 49582.0 9542252.0 49582.0 49582.0 59.4984 148.746 991.64
CIR_JumpMqtt_pf05_100_1000_ln01_00001_3_10000000000 73 10000.0 10000.0 1.0 10746.3338693317 49533.0 9533138.0 0.0 0.0 49533.0 9533138.0 49533.0 49533.0 59.4396 148.599 990.66
CIR_JumpMqtt_pf05_100_1000_ln01_00001_3_10000000000 74 10000.0 10000.0 1.0 10613.375357413799 49656.0 9556016.0 0.0 0.0 49656.0 9556016.0 49656.0 49656.0 59.5872 148.968 993.12
CIR_JumpMqtt_pf05_100_1000_ln01_00001_3_10000000000 75 10000.0 10000.0 1.0 10686.515675525801 49490.0 9525140.0 0.0 0.0 49490.0 9525140.0 49490.0 49490.0 59.388 148.47 989.8
CIR_JumpMqtt_pf05_100_1000_ln01_00001_3_10000000000 76 10000.0 10000.0 1.0 10547.3194403314 49389.0 9506354.0 0.0 0.0 49389.0 9506354.0 49389.0 49389.0 59.2668 148.167 987.78
CIR_JumpMqtt_pf05_100_1000_ln01_00001_3_10000000000 77 10000.0 10000.0 1.0 10190.350296062401 49775.0 9578150.0 0.0 0.0 49775.0 9578150.0 49775.0 49775.0 59.73 149.325 995.5
CIR_JumpMqtt_pf05_100_1000_ln01_00001_3_10000000000 78 10000.0 10000.0 1.0 10666.9730767586 49478.0 9522908.0 0.0 0.0 49478.0 9522908.0 49478.0 49478.0 59.3736 148.434 989.56
CIR_JumpMqtt_pf05_100_1000_ln01_00001_3_10000000000 80 10000.0 10000.0 1.0 10391.5794921054 49505.0 9527930.0 0.0 0.0 49505.0 9527930.0 49505.0 49505.0 59.406 148.515 990.1
CIR_JumpMqtt_pf05_100_1000_ln01_00001_3_10000000000 79 10000.0 10000.0 1.0 10749.768700591801 49803.0 9583358.0 0.0 0.0 49803.0 9583358.0 49803.0 49803.0 59.7636 149.409 996.06
CIR_JumpMqtt_pf05_100_1000_ln01_00001_3_10000000000 81 10000.0 10000.0 1.0 10518.0196485681 49648.0 9554528.0 0.0 0.0 49648.0 9554528.0 49648.0 49648.0 59.5776 148.944 992.96
CIR_JumpMqtt_pf05_100_1000_ln01_00001_3_10000000000 82 10000.0 10000.0 1.0 9996.393751608699 49677.0 9559922.0 0.0 0.0 49677.0 9559922.0 49677.0 49677.0 59.6124 149.031 993.54
CIR_JumpMqtt_pf05_100_1000_ln01_00001_3_10000000000 83 10000.0 10000.0 1.0 10960.7841638086 49547.0 9535742.0 0.0 0.0 49547.0 9535742.0 49547.0 49547.0 59.4564 148.641 990.94
CIR_JumpMqtt_pf05_100_1000_ln01_00001_3_10000000000 84 10000.0 10000.0 1.0 10661.6951443335 49581.0 9542066.0 0.0 0.0 49581.0 9542066.0 49581.0 49581.0 59.4972 148.743 991.62
CIR_JumpMqtt_pf05_100_1000_ln01_00001_3_10000000000 85 10000.0 10000.0 1.0 10561.0594202538 49617.0 9548762.0 0.0 0.0 49617.0 9548762.0 49617.0 49617.0 59.5404 148.851 992.34
CIR_JumpMqtt_pf05_100_1000_ln01_00001_3_10000000000 86 10000.0 10000.0 1.0 10340.7978251183 49654.0 9555644.0 0.0 0.0 49654.0 9555644.0 49654.0 49654.0 59.5848 148.962 993.08
CIR_JumpMqtt_pf05_100_1000_ln01_00001_3_10000000000 88 10000.0 10000.0 1.0 10556.197504917 49699.0 9564014.0 0.0 0.0 49699.0 9564014.0 49699.0 49699.0 59.6388 149.097 993.98
CIR_JumpMqtt_pf05_100_1000_ln01_00001_3_10000000000 87 10000.0 10000.0 1.0 10682.342572612699 49747.0 9572942.0 0.0 0.0 49747.0 9572942.0 49747.0 49747.0 59.6964 149.241 994.94
CIR_JumpMqtt_pf05_100_1000_ln01_00001_3_10000000000 89 10000.0 10000.0 1.0 10473.331407086202 49657.0 9556202.0 0.0 0.0 49657.0 9556202.0 49657.0 49657.0 59.5884 148.971 993.14
CIR_JumpMqtt_pf05_100_1000_ln01_00001_3_10000000000 90 10000.0 10000.0 1.0 10568.9590151606 49542.0 9534812.0 0.0 0.0 49542.0 9534812.0 49542.0 49542.0 59.4504 148.626 990.84
CIR_JumpMqtt_pf05_100_1000_ln01_00001_3_10000000000 91 10000.0 10000.0 1.0 10378.7442117841 49885.0 9598610.0 0.0 0.0 49885.0 9598610.0 49885.0 49885.0 59.862 149.655 997.7
CIR_JumpMqtt_pf05_100_1000_ln01_00001_3_10000000000 92 10000.0 10000.0 1.0 10417.5439080601 49736.0 9570896.0 0.0 0.0 49736.0 9570896.0 49736.0 49736.0 59.6832 149.208 994.72
CIR_JumpMqtt_pf05_100_1000_ln01_00001_3_10000000000 94 10000.0 10000.0 1.0 10742.179372342 49553.0 9536858.0 0.0 0.0 49553.0 9536858.0 49553.0 49553.0 59.4636 148.659 991.06
CIR_JumpMqtt_pf05_100_1000_ln01_00001_3_10000000000 93 10000.0 10000.0 1.0 10446.6463296292 49801.0 9582986.0 0.0 0.0 49801.0 9582986.0 49801.0 49801.0 59.7612 149.403 996.02
CIR_JumpMqtt_pf05_100_1000_ln01_00001_3_10000000000 96 10000.0 10000.0 1.0 10256.388441204599 49444.0 9516584.0 0.0 0.0 49444.0 9516584.0 49444.0 49444.0 59.3328 148.332 988.88
CIR_JumpMqtt_pf05_100_1000_ln01_00001_3_10000000000 95 10000.0 10000.0 1.0 10388.354912164401 49600.0 9545600.0 0.0 0.0 49600.0 9545600.0 49600.0 49600.0 59.52 148.8 992.0
CIR_JumpMqtt_pf05_100_1000_ln01_00001_3_10000000000 97 10000.0 10000.0 1.0 10789.3573844592 49703.0 9564758.0 0.0 0.0 49703.0 9564758.0 49703.0 49703.0 59.6436 149.109 994.06
CIR_JumpMqtt_pf05_100_1000_ln01_00001_3_10000000000 98 10000.0 10000.0 1.0 10539.308594355301 49771.0 9577406.0 0.0 0.0 49771.0 9577406.0 49771.0 49771.0 59.7252 149.313 995.42
CIR_JumpMqtt_pf05_100_1000_ln01_00001_3_10000000000 99 10000.0 10000.0 1.0 10309.5213671217 49501.0 9527186.0 0.0 0.0 49501.0 9527186.0 49501.0 49501.0 59.4012 148.503 990.02
CIR_JumpMqtt_pf05_100_1000_ln01_00001_3_10000000000 100 10000.0 10000.0 1.0 10415.1419257808 49663.0 9557318.0 0.0 0.0 49663.0 9557318.0 49663.0 49663.0 59.5956 148.989 993.26
